Execution Time : 38.8629 ms
Result Matrix : 
242868 246833 250822 217186 199989 238148 244203 240910 261882 235661 244927 222947 218436 236298 237313 249942 217945 249111 261233 250017 235841 242809 233206 223019 229944 236842 229473 248681 223050 251050 214810 204688 267699 247048 267870 235817 222479 216994 266500 250789 217519 257633 243540 233276 256132 229010 252517 238086 273761 246392 211373 234283 208995 232918 246979 210698 250372 213692 262413 242938 257054 230846 233005 252101 236674 211049 207112 251124 233765 235963 244063 206275 240792 246313 237199 260692 274764 243206 243097 202897 239009 253704 256498 242408 239200 230974 240667 251022 211878 248734 224351 247952 267092 257127 241658 228981 217572 230275 247073 242556 
265364 262633 270192 238321 224196 281270 272985 271133 295416 259064 260762 247576 245245 277754 257778 282506 238251 274088 298592 273412 261215 270584 267605 259781 247405 247241 271924 258193 239255 267374 254020 215793 290394 261155 282391 268094 259144 249210 296889 261592 254056 274230 263215 258464 274024 254762 281407 268657 298362 252224 240885 258445 231733 273472 284353 234984 270740 235861 304857 262161 270976 256650 252556 273357 262442 251085 245621 259507 273483 263328 245382 223652 269738 266304 289104 290662 286561 278428 259947 236342 245439 281490 264701 282431 250336 256230 259648 240429 241949 258579 264191 261843 292159 274566 262143 240653 241067 260304 271276 273367 
235654 235531 267507 210321 213786 244584 240036 230070 266892 230740 241233 224757 212819 238849 231882 248794 223574 254895 277319 261207 229847 244256 231658 221796 227243 234064 244678 234654 205993 241436 223062 194168 261440 232564 235933 235134 237405 228489 261297 240473 217222 244764 247311 229264 242347 219257 254668 250294 252513 246893 206371 231043 214271 238989 258158 219530 251879 232171 268537 253851 248615 244241 222231 245127 243181 221699 233726 261301 225845 248032 232707 206080 225337 251426 246031 270009 256436 257456 237995 217389 248239 242613 236297 256800 229976 229834 248419 226636 232764 238973 245051 250400 268840 252493 247188 226735 225889 245037 264206 259858 
232815 217503 226933 202379 211771 244510 225031 211442 267265 222311 224109 204670 222068 249216 240785 238569 211251 236096 240999 237010 224044 238080 218373 209694 213149 225464 223456 230476 210710 243143 215452 181872 255477 237597 240621 231550 216270 220250 259160 230714 209230 237702 223385 230403 235805 210432 249602 230700 265505 211848 195614 227051 209772 234382 228619 203073 234430 217089 266771 227519 238023 228771 206560 242266 235948 208898 219716 225026 227386 230119 215944 202112 236630 248115 233438 262200 246420 243425 240222 189005 217019 248442 224867 241062 231638 206524 219868 227542 216172 229736 232049 240108 257277 247937 244522 211025 221677 225850 247829 238103 
238600 230723 254201 213658 201190 226269 245230 222169 260539 235099 229962 226369 218064 246905 217664 251263 204861 230478 265075 233213 223499 239489 222473 240738 198256 212164 233890 228547 204260 223299 213295 190526 244222 229260 246082 214712 223182 221457 245699 228036 209471 230881 231904 232206 249231 210731 237925 211761 248291 220749 196749 222364 223291 234260 235915 217258 220639 224582 256975 212619 241045 218970 227851 234225 223411 215762 222068 214885 224324 225148 201381 204620 212911 237600 234160 260429 253620 245703 220094 214425 226906 252687 216739 234041 220500 219370 221719 215200 205480 218223 238386 226548 251488 225996 234860 219754 233351 231140 233336 219579 
239541 254831 248311 218853 204576 249135 237703 237916 257648 243606 232644 224887 233145 263414 253252 251530 212010 267662 272861 249123 220390 241117 223251 243830 233641 237312 240950 249382 204355 248825 222404 202954 246546 237373 257837 240267 240323 243907 269598 261941 221278 261091 252366 241070 263696 226976 256844 234683 260456 238554 215502 241852 216108 247137 267843 227005 261557 223854 274855 244820 246294 247477 242120 251682 247193 213198 230160 241818 236047 257554 227082 205446 235120 251025 247587 269036 263785 255051 246136 220932 247285 251823 231068 243309 241303 226271 249452 243491 224446 236320 254526 250024 258257 253086 252921 222683 218245 237513 268932 261495 
278876 299089 265003 261328 238391 275603 285728 251497 291747 275026 274749 269374 254995 283687 289533 303079 257751 301693 307539 284845 243780 279185 277311 261619 252675 255981 294354 293973 247278 277744 255679 239760 288536 268959 292256 274655 276728 252222 303647 284656 260543 280336 264949 252607 277316 261645 293272 286629 306679 253015 251278 271963 259207 287631 288072 263322 278731 250563 300387 276138 275956 265020 250623 310176 283934 255370 263023 261188 267920 272954 245141 249662 270772 289479 295236 309763 294902 285301 271407 246261 278473 291555 266524 289345 263538 248685 273743 263317 253512 279444 289533 276687 279146 297178 292919 258525 264002 276374 294031 271417 
242827 257928 264557 245541 207945 258882 256219 247743 290851 245834 245014 244111 246429 269414 251869 273349 243928 262044 289896 257950 240998 276693 237470 240126 238895 244260 250260 267563 231504 267377 251309 200942 263287 262228 268422 254777 247038 251503 286056 270738 231968 263543 244847 239662 262905 232742 258305 265280 286322 241614 208117 246992 225603 258175 271905 234217 261221 224087 289674 258025 264905 242667 239300 270863 247529 231484 230705 239514 259413 251197 245228 210990 246684 260531 279179 300171 275079 269113 246043 229580 240640 267682 265934 260646 238273 249615 249184 231269 242762 267298 246709 264637 273953 278006 259187 233405 232143 251347 270230 260519 
255114 264741 260909 228141 210889 261118 260288 240804 288730 260991 250204 250424 235303 274720 272443 269715 241632 272275 279992 277704 247569 263963 247958 238445 253299 239740 241557 263361 248869 276539 238956 214761 288717 269015 274638 259870 257645 235559 285331 269719 243109 281593 262727 247873 280992 251717 272594 267328 291794 221374 237804 256971 237697 256734 269278 234999 270920 227697 274637 242283 280338 247885 246458 272642 260620 236035 242133 264970 251469 269791 232547 222445 266884 267715 269564 302146 274414 291268 268745 232524 251369 279820 249158 263877 267498 237088 273585 252294 235732 276754 273965 277347 281370 267638 261188 249260 237395 250790 283521 264771 
252589 265389 288465 247730 231160 253987 262780 254958 306504 256988 266888 234618 251396 279390 268325 274199 239662 272210 303550 286188 259022 274375 242358 250444 263984 241090 265116 279534 241664 271714 257229 219513 275412 262459 291474 258587 242171 244180 298281 264462 247290 284543 258584 252931 281055 249940 283816 265373 294445 246979 231494 258915 246742 272273 292311 233292 282851 241016 296646 270725 270703 262748 255360 276157 261141 238744 229462 263144 264686 274311 255519 220330 264213 278023 278661 288485 284109 276300 261089 231461 243545 283072 261330 260669 253358 254459 262645 263904 240976 274296 260860 269652 292329 262113 263665 252432 235616 251042 276377 275259 
230466 237451 236499 226172 204215 241519 225049 217173 265282 228129 230390 242466 218188 241202 227518 254966 221226 239225 275122 266650 244418 238449 228924 210954 210231 222175 238193 232492 233250 242426 221442 195239 259118 246383 262274 232807 232554 207780 268197 263484 234807 236252 252891 230031 251454 230619 256957 245093 267401 237021 222542 240595 215591 236145 245020 215528 243363 204604 267003 244042 242673 218461 220264 243842 222280 229022 228796 227148 238462 246180 222459 199158 239433 248758 246112 255320 268633 255005 241252 222810 222097 246198 234401 248685 230739 196762 236618 233851 224803 235249 228143 230950 269307 251340 236316 232379 234598 239723 249333 240804 
249134 257501 254640 236455 210942 253628 241592 236354 278942 240117 236899 241853 224582 253196 238536 256547 214655 264307 284229 255525 255285 249566 231897 232626 218670 230187 243421 243940 238358 255264 231945 213648 251648 243608 260414 239953 244387 219050 289446 254763 232686 253551 259333 228723 255872 240212 271880 261472 277136 249865 230734 242603 220776 263145 252535 234547 262954 229550 263847 253710 251348 233392 229459 255270 246746 230157 243616 247204 252290 243208 231980 212660 250305 261315 252111 268475 272986 269058 255078 221462 239110 261653 249470 260412 260769 234034 258025 240673 237296 247662 259152 256087 282041 255235 254330 235628 247876 242958 265989 258958 
256069 264555 251580 243481 224695 256214 263975 242364 274549 242702 251221 250761 235554 266300 256527 278296 241578 267454 284116 272757 242142 261721 247878 225452 234383 250630 260670 260601 227873 273964 236592 208972 282537 265431 273542 254616 259352 244182 272450 265344 246401 259708 254641 252965 275643 242631 266772 249838 286711 252447 229393 267565 234438 258748 280800 246141 269012 228786 287413 248930 282492 255689 250575 269808 245902 251529 240256 259769 242843 280964 245711 213844 250802 272987 276984 295211 283787 268571 253276 234215 256489 259374 255766 273175 252732 243955 252790 249044 230518 256745 256684 266850 283785 294099 280586 225701 217916 249363 274997 270922 
261850 243191 252353 216508 220054 259783 235363 250270 266477 251340 237017 227875 236510 267146 247238 268872 230652 254474 277560 264894 230347 259247 239841 243363 231984 239114 230811 243778 232678 273078 230614 209963 293193 249847 270149 236277 238493 228355 283437 242087 235652 277290 258713 248298 277079 224340 266918 258083 268169 226170 209381 240483 221284 258274 255985 229284 263286 232986 276960 229758 264545 247961 252707 249732 249310 228104 227990 255825 249063 253641 231332 210996 233864 252867 258275 276796 267486 261359 241176 234308 245555 262235 261518 261833 254956 229670 246578 255379 224456 242537 262808 256519 296717 256810 252589 229250 236449 245635 262970 253645 
255851 243819 264666 230844 240021 291759 268279 237259 281770 253855 256363 239926 238862 289399 260206 291549 237169 278352 294578 284026 247159 256250 254316 248812 238653 259608 259777 249895 224166 262661 248463 205533 286591 259375 265468 243189 253917 244187 288599 273692 260581 280519 267696 258557 273590 249192 280625 261875 283616 240973 231566 262507 224226 276422 263730 242923 255226 233670 292306 243224 272281 274397 238237 247871 273433 251229 247827 267046 259902 270601 245624 217282 268842 269400 261101 301927 278961 278258 254086 236133 247987 268123 238509 304959 264600 240450 239870 249336 247149 259543 270070 265217 293930 283554 272751 241821 246132 260565 284627 283851 
231106 223971 250091 222015 201088 236791 239041 220997 272740 243565 239932 200186 232202 253637 244662 247778 229950 261713 276167 251252 236843 234744 207557 227332 218791 222095 241150 237192 207173 232690 226479 196543 240668 241934 248752 238853 229546 240942 258406 236929 217955 258311 229228 249281 249409 223259 252359 230636 262299 212517 205447 240851 214967 254132 264831 227641 250222 226425 262205 229358 246196 244489 221633 242670 234690 229940 223984 238098 232739 268408 236591 198754 236983 249004 239352 267367 247761 256987 236401 210957 224048 230485 230217 250874 229141 216729 231390 217134 212147 228153 246338 245405 265895 246088 248128 225913 229785 239202 259436 251252 
250396 259713 271647 224520 204991 250106 250434 232342 278966 239643 252890 226719 236847 262723 258584 280546 240655 256463 289603 278416 230012 263042 234205 256097 223206 245861 240878 252761 229847 250531 228295 193690 283876 234008 269897 246398 247414 233578 262039 259425 217778 253309 262803 230608 253388 232661 271713 244741 270651 234001 220740 253533 227568 255328 274431 236664 244328 234174 287855 246872 258035 242466 250921 258219 243433 243078 221021 259689 245885 263947 239694 220600 237679 249580 255834 280594 270602 264228 252589 222736 247923 251273 247902 260598 241452 234651 252607 235524 212697 252306 250483 249949 281337 270169 263367 213028 218728 240489 246855 261721 
226160 252848 249966 222143 211176 243831 251194 233385 277628 241126 245371 252452 231129 268136 238427 274589 241117 255279 281580 259568 250645 247891 215723 213896 230520 231600 250543 256191 216149 253536 225076 201582 257141 254441 275776 243660 237011 229860 274351 257900 244207 258478 261842 249845 274967 237738 272765 263817 275894 240826 221198 249611 241395 239707 263024 235216 264434 221838 280668 244908 267649 223542 247132 244250 233664 244649 241831 238877 266425 250721 244742 198462 246926 260568 260577 295794 287224 277359 247065 229680 244904 268420 259315 265533 252508 235366 245078 252620 236935 244145 246590 242150 275874 251136 255415 232009 224654 256941 266964 258758 
245197 233213 249428 223713 206136 252597 251968 245901 281516 241097 244414 226162 234204 263773 240983 259924 205620 235460 276429 260559 252292 253854 235847 240131 212645 231743 244927 246666 225711 242767 225746 181557 262881 247893 263192 239077 225497 234017 253688 257428 236372 251817 250603 233936 250264 223046 260365 244473 270168 251084 210195 243732 214120 252593 260994 235381 248242 227242 276162 232793 252812 234411 238153 244137 227499 247254 220556 238215 248986 236020 222162 211652 226476 253128 248593 277628 260544 264304 236436 226376 222206 251240 230314 250507 231367 231996 236381 245944 221501 237654 239497 241146 269729 247935 239079 233663 227230 243762 264800 255691 
281262 270858 262331 227583 229567 264701 257136 244587 288506 254662 236922 242160 236613 277937 266236 276496 230274 265443 300721 270747 254377 254018 249057 242195 241173 243940 262239 258802 224735 264371 223236 224689 287417 264277 278296 251487 253385 266063 285013 268146 251015 273591 265759 246849 263610 234834 270803 255017 287881 237326 246353 252890 221516 272795 267852 246340 255005 235250 284383 248237 276177 262238 231731 263515 243210 232987 236918 277829 248062 256338 241691 218223 251880 273538 260159 310537 284806 272388 247553 227508 249333 263047 261563 265426 278912 256293 258939 256346 216393 253575 260744 256878 282643 281391 258755 224769 243113 255731 264345 282971 
257799 263261 279420 233182 230050 261376 259158 247320 311624 259776 256404 238460 258471 265154 251641 284084 244309 288374 288218 280641 271180 281055 249088 252820 242853 246912 265680 265969 231206 265571 253649 224044 279372 252493 262480 272913 254707 249966 295246 273501 247654 269136 264704 262266 285395 244619 293985 277065 307769 248990 244079 262623 250956 270874 278666 254719 285658 239872 309958 259383 266884 263171 253983 265259 258910 235980 235077 263470 274826 260918 234678 234454 261901 268330 284477 308228 289006 289325 278106 244751 237191 282210 264616 270477 267770 240298 256558 247803 241749 248698 249035 254407 285531 289064 274781 241869 245811 277964 270276 268047 
240608 246554 241704 207095 220012 240030 240145 220480 276801 239343 226340 214278 211070 239069 225334 253479 223254 261852 267258 241569 233981 268167 227965 237797 217780 237035 238555 261306 201045 245709 234430 198140 254695 236444 239057 240525 221369 221829 264843 233864 215892 232720 216585 227789 244587 218167 256218 249784 266310 230213 196421 241162 219316 257001 254899 224579 261991 229740 264813 234034 230199 224988 226915 252598 239621 207907 223662 248606 247183 242584 221034 201111 225294 245518 256894 260741 263722 248730 227983 210455 219892 241101 237870 254395 235299 219562 227883 230479 216211 241842 228577 230802 248008 255848 249480 228320 225293 237224 251324 256337 
256242 258999 271564 248289 214697 244445 262892 234367 290550 241899 247241 234756 244998 254495 254117 254252 239270 253593 299974 268398 249105 256252 231339 241506 229771 231639 249472 261571 234828 268224 228236 206764 266017 246348 283240 249954 242282 225094 263547 269417 238068 255362 263075 227288 255053 226688 276799 259682 271116 237912 207326 250873 225703 251760 274217 235552 242946 217125 283934 259870 271658 243723 231599 269511 230541 233926 223156 252764 252546 251150 244978 207959 249149 268102 264911 294323 271985 272742 243784 219976 226854 257323 256448 242788 245823 236239 257835 239174 219510 261750 241313 267641 262408 263043 258478 239938 222644 238713 285123 259185 
234555 241060 245730 217865 204919 250180 247305 222757 280724 242310 239768 231048 229434 263411 236773 265726 234433 269534 289207 262116 225228 238299 226628 232778 248177 232810 254561 254603 213559 243407 233755 201426 253314 243562 262301 252010 239135 230467 271850 255387 248236 264448 251352 235092 255769 240410 275066 255840 270091 212023 216629 229424 228250 258343 254646 235254 244613 220969 285015 237616 255630 237870 239190 246949 236955 234231 224989 237396 253242 255455 245038 207208 257072 260764 263564 272994 265395 267407 232770 228416 224649 252773 244145 261562 247087 230442 247298 229263 224349 239640 251687 256830 265724 257654 252957 209756 225032 246812 263123 263675 
240803 250023 262261 240624 215625 272831 269125 226280 287103 256468 252124 224542 248093 257906 241899 283804 230112 266767 274406 267372 234032 267101 238978 253098 230379 235916 246128 248352 224228 256791 239251 201872 274501 253579 263904 246506 246359 243111 285241 251339 225187 269672 240170 244462 253011 233787 277997 253593 265815 218797 221086 253928 239863 269054 258623 231570 267190 247572 285079 247863 254479 246266 246168 247720 250350 232998 228947 240486 241948 258525 227575 226636 254613 257434 266144 282834 273598 271483 244205 245917 244419 256336 254284 262624 257655 244020 239231 234096 220073 236093 251952 252686 277457 258826 262788 231801 248118 244729 248908 254919 
251022 236053 262487 225871 218660 260066 252201 226550 292773 243984 246912 222729 250510 269965 245793 273100 226261 261005 285667 266943 242573 241560 229757 246448 220016 239868 241254 247323 222900 243269 241966 201607 273092 243510 260164 252568 237956 235608 269510 262531 243500 255542 254575 249413 252093 232269 268144 250292 273469 241000 222962 254476 223500 276936 270257 235296 253708 238021 274495 247231 248570 246635 235408 240565 230743 247866 221123 262475 261239 249428 250529 203762 247253 252104 249084 293201 277065 266803 236464 238006 230054 247005 246318 255580 254123 224027 240704 246963 224601 235227 235426 248386 272183 268528 263152 219105 241193 233082 267916 267670 
252043 242864 250688 225087 216870 259528 245595 223260 293568 237987 234792 238542 237668 264082 258254 263002 220757 249167 280312 256242 248598 253922 234417 242815 214835 230209 242485 251901 234077 247591 223141 204178 264644 252369 264867 243730 245255 229200 279277 259990 237804 254077 255396 238949 259598 227956 271987 240716 279055 225599 217519 258833 220051 246113 262405 236542 251392 226949 271457 238574 251453 245519 227496 258425 242504 239556 233989 255272 244679 246125 224182 219184 245503 245999 253275 267823 264049 259765 241098 222796 238254 252630 244624 264533 256699 237594 239542 239617 209086 249674 236145 245355 272002 261440 257906 221909 236335 235686 268421 250306 
273724 277850 304951 268811 246926 286030 288252 275111 324416 286032 280742 257844 275651 310623 279163 316827 274806 305024 311140 295757 290423 303627 270840 278359 250750 267937 280823 283617 268390 303522 264830 234055 309357 270098 302342 300163 275491 267406 296534 306702 271027 300672 279522 277853 300816 276326 310205 296696 305690 277053 248660 287882 269503 296312 315970 277773 301072 251963 316915 286570 309617 274754 276451 299914 282543 270692 258479 285899 285970 295137 266970 224805 277366 302010 296411 333073 302839 302017 286102 266167 271575 290598 286378 292629 287469 275925 289118 281589 264727 286606 283152 277747 322915 307668 294702 259740 257490 267598 297412 291086 
252589 242720 250531 236030 216238 251556 263304 234478 265334 250638 231928 232935 235296 257639 255054 262014 236209 255863 272767 252475 238030 258583 244691 256541 225957 229670 248840 245624 226023 242676 224925 199722 276456 248558 264539 245472 239466 233620 249313 264142 220613 256351 239362 247168 260795 232019 254713 255842 250872 232017 219211 234045 229432 269716 265944 233831 250429 220005 266014 242962 267122 254700 232107 255474 256747 228462 231149 242153 232685 236580 236471 221756 239180 258329 254424 273012 255690 264001 235432 224302 246612 261744 243123 251922 239682 237844 252866 234702 225434 260812 238585 249891 275189 263681 252686 241780 231622 232278 275172 254134 
264723 260130 278901 249441 249633 275623 278511 250659 321872 263016 264085 247667 268506 288173 267678 292748 237702 268184 314526 288837 262803 285220 255269 254442 245059 241352 253110 265429 240906 263928 248624 213731 295006 264143 287260 272508 244310 254995 303794 259925 251173 280496 270273 261606 293398 253740 295986 269030 282824 249354 224272 269479 260950 268331 277787 256963 270607 231367 310084 258163 265641 255552 263495 279997 262253 270302 250978 264626 279954 278999 264007 219233 268836 277237 281010 299659 276243 279307 263118 247260 237214 287014 271010 284192 262501 253545 258694 277597 237427 261428 272564 265887 294045 267456 274534 236072 246283 273361 268397 276410 
246348 234401 257196 223133 207072 245481 246448 223482 279252 231772 244128 227306 237740 259696 253005 265546 219726 257119 262312 255705 229052 262777 237266 235127 233494 219459 238562 234973 208625 256797 227025 202047 257992 237943 264613 247383 243306 236306 277468 240921 226685 262274 225896 238154 258966 221521 260554 247386 244541 217348 192633 248851 226771 257025 270328 230660 252218 230823 257958 249402 235265 238754 213692 247391 230740 216915 227540 254952 229952 262714 234045 191079 245089 275526 251609 258287 250258 248343 230866 235495 233136 232207 247468 254166 241523 225507 248286 255573 219378 253916 243806 249026 273968 252785 262720 216261 230634 215922 261191 260591 
250335 240612 270081 230541 206903 245964 252319 243363 271370 237408 248514 241690 231758 272894 267062 265450 238503 254684 287846 275194 244500 265448 238119 242464 227917 236355 265180 260963 216929 260737 239548 214953 263980 233347 271714 246588 245311 235307 276431 247823 238403 265278 246242 259169 275161 236560 271453 256019 280586 235020 221203 252479 241351 256383 268824 223775 273532 232626 285663 248761 258306 231033 248349 266985 245395 234493 235803 264628 260536 260139 231468 215774 243654 245451 266500 283979 289501 253391 244927 210643 258802 258728 243316 274903 234294 234923 258261 236752 238656 252666 246782 258238 277079 258731 259669 240009 226644 252349 269404 240265 
271360 267070 275258 229290 243153 283109 256788 238175 301550 273355 254514 242964 252391 282692 276797 284200 247718 279989 293048 283244 252458 260327 253296 262918 235083 244968 273118 262116 237080 267399 245273 231119 291717 261374 267537 272463 265578 267219 292471 273743 238077 289505 264209 260016 263881 243265 286730 252865 286685 249466 234792 262551 238816 283192 291589 255321 276889 253985 290277 266978 273115 273347 240664 269528 269965 242750 258513 271952 260322 265693 257423 231214 253596 279594 272302 309415 282404 276864 249587 243175 266528 273644 255867 273709 275852 249602 266993 247046 227414 256663 275199 261580 292049 285019 290932 239512 255244 253266 281143 290470 
228382 227574 242595 213071 193663 241045 248374 211530 285892 224513 240009 220022 233997 247639 235299 259092 215541 247344 265565 261887 221989 235892 223882 235466 220269 227520 218031 232710 212772 246663 225523 189528 261063 222589 253629 249077 212916 221329 270393 237060 227135 250560 233197 214907 246116 222550 264009 245870 254850 197201 212029 234844 214690 246922 243295 225714 226565 214748 268755 238167 248043 233363 234386 238424 233616 215139 214184 240092 239691 235163 226330 210399 254569 244825 260100 281423 256063 267271 226921 219382 224477 239740 241181 255432 237944 219817 233133 229387 195090 240598 240873 247379 268733 244336 242712 209679 230783 219643 238028 245618 
243294 250073 248489 214783 188229 249435 253811 226792 279653 238136 247011 263776 230885 256541 255396 258819 218514 252026 280444 257910 221334 239681 237110 219804 238558 248704 256779 258243 215460 255721 228143 198392 282284 255700 258281 244661 244077 235591 272310 257598 240341 259323 252632 239238 257826 230623 266874 255349 256398 234817 243140 243441 220548 250075 257298 218626 242184 227753 279156 248113 260843 247446 228699 254265 234145 236153 214524 256998 245748 248857 220478 204332 260906 262233 251251 284208 261755 276516 239917 233413 245256 269892 238072 259022 248502 230552 243110 244157 230035 242860 242520 257070 268427 260403 269456 221333 232117 254758 263068 267054 
224099 247478 231350 213186 192104 231744 237897 216840 254830 233050 231279 233796 218025 259579 227935 257924 215502 247449 266531 239295 224877 239889 219840 209595 220611 217744 242530 240720 212749 245082 214700 185226 243617 230626 258278 237757 224642 210135 268419 242779 234376 241042 246594 225238 244185 213291 259980 238361 259284 226838 203064 227250 204557 237585 244873 219637 230603 193147 257919 226719 238449 215049 224394 240938 229625 211274 213031 233885 233853 234570 204752 182700 225269 237934 252137 258730 252158 252402 227062 210721 214347 246173 233950 249384 233859 222462 230495 234411 211953 225014 244226 232163 249968 244358 249136 218983 215152 237620 246896 237973 
275531 261657 280051 265251 232907 291830 280977 260126 311969 249392 252756 274605 261078 287503 268911 287702 248008 266739 314306 276916 257203 287515 271267 248484 242723 258166 266608 276031 245912 281593 250031 220692 288202 275532 298467 264789 270029 274269 303252 271765 262142 279876 262389 263048 285429 245174 284268 273068 307984 263792 223313 272840 235453 274846 279291 248663 276047 256628 305295 265812 281880 269241 264623 285790 247842 251183 256251 268835 255719 273737 251954 235709 253403 287930 283406 319474 308373 291526 260509 240087 248622 267689 272176 280148 271441 258915 267230 267247 239216 279446 267886 280483 290666 295837 287774 246894 255203 265771 285081 277696 
252064 242722 256849 233787 208817 274908 261602 225103 279648 242176 242085 234879 232664 272298 241113 265749 226290 245540 285740 258995 231952 251723 243028 236434 210027 236760 245023 238077 222373 232879 221238 201990 249895 245349 256730 244779 232192 244719 272038 245909 250282 248202 239706 239737 270719 225171 258122 243729 278610 220539 216183 250110 204533 265578 250285 233318 242576 229793 272684 235018 242487 245479 240004 258713 230486 238004 223805 240630 243874 263150 228822 217108 234340 249079 255500 275924 271148 257550 248296 220548 216182 242388 235765 268609 238164 231705 236733 235675 208781 230043 236730 259178 257744 263077 260386 223473 233883 249918 257443 245797 
274009 273776 273503 234596 218778 277261 278136 271036 301368 263854 250009 265633 250916 260837 265970 288604 244550 275732 311232 289346 250818 279540 268728 272597 243954 260546 270225 260163 236932 265694 249861 226118 287694 268549 286632 259918 254796 259232 286001 280431 240960 286061 266299 250338 268338 248380 290280 269336 288098 251902 235167 261899 237914 279133 293714 244642 270419 243831 297846 254965 270731 272608 234684 274725 273669 239445 237763 257934 261823 267432 249640 232564 269784 276593 279651 291976 282916 289889 254624 241478 244612 283371 239798 270931 266478 246265 263199 257593 241693 277114 272301 255130 279766 286724 265131 248665 249252 259903 275664 276737 
264659 257869 276012 257108 227232 256772 280003 254299 294664 251871 245943 259941 256241 264627 281132 271423 235194 265859 310253 273870 259847 262926 241078 251845 227184 232937 257969 257542 236776 267272 237950 219290 276328 260791 294441 261980 249818 248606 273769 266816 234970 263942 264532 249681 279891 242444 278944 264921 275155 252595 246761 261574 253679 268067 282433 248784 256751 240973 291467 251628 277544 261615 260196 278538 256123 253554 242038 250747 248941 274531 249511 227671 261021 271709 269058 303707 294023 269676 265311 234661 263987 272775 244803 282311 250676 247272 265680 247010 230082 266857 277412 276306 293029 259359 275270 237160 244379 262221 276082 280911 
234729 244701 226208 218558 202147 234375 233333 203695 249687 240645 242759 224975 219785 245877 231629 248911 225645 244459 257144 240892 219251 242859 216330 227952 213335 236442 240639 241891 210538 247788 214922 196122 256764 223760 240321 221090 223597 223184 247576 251978 218964 246944 242634 227367 243253 205884 236841 242496 261219 222192 208606 225496 204898 237541 232117 211034 220491 211216 262673 212930 249759 229502 217698 243421 241717 213331 209190 239725 219875 223831 214455 220993 246157 233397 242306 264579 262138 250702 220538 208414 247887 264454 229459 238398 232917 213835 241697 222631 215630 237024 227959 253693 256875 264033 246296 214486 215992 231875 254437 230374 
267414 255716 261042 240935 231649 247971 263356 237887 295394 256023 257437 232354 255543 263046 254818 274271 225725 267440 285731 260679 266343 259088 234241 247690 239404 231769 258512 250319 230796 267365 228909 206912 266321 244062 275551 258774 233585 237245 276084 269632 235819 257175 252024 251359 262021 230471 276180 244027 282030 246053 223608 254970 254087 250034 282284 253841 265567 236668 292775 248861 264866 247870 241088 261972 244037 242737 242499 253548 258518 250812 246318 216171 253082 278729 258768 295270 294784 275799 243689 230235 246670 270070 255739 251093 261871 230043 248621 246340 222591 265237 263039 242357 277582 267647 265280 245129 253582 242158 277671 260342 
235896 230697 250872 213198 221293 250465 230629 217288 267432 237710 230631 221408 232784 232096 238330 246547 225549 259311 260313 254250 224179 249243 223879 235774 218514 227982 229196 229055 208485 254034 220092 201130 256364 238995 257645 229912 229418 226436 256576 248878 217340 260529 246772 242127 272973 233765 261055 242480 244572 232441 190889 230141 208533 240359 257089 216718 240613 209093 259236 230337 250867 253529 205946 246605 232371 206449 216731 247553 234978 249999 230856 190163 248810 254217 242107 259837 246696 265885 245125 207331 223012 261070 242434 241080 234663 219800 233900 233789 208895 234157 232989 236524 269484 263018 252612 227744 211431 239951 251247 234833 
253087 238346 248102 231073 207399 239106 243665 217100 258054 228709 224403 222581 232536 256890 249065 258890 201932 241166 267950 260144 228239 247738 231182 221374 219356 212634 245830 224849 203809 251733 221112 188555 247367 215958 251260 226873 239815 233123 260246 240598 227096 247253 235971 224525 257323 213424 252625 237547 251264 236145 207420 237482 223967 248849 248743 225226 263523 227587 262975 238444 236694 239068 220770 239508 224668 224159 218437 242224 229437 251662 217169 191910 221592 240822 239974 259575 267311 244584 227765 219348 232511 242435 234909 242057 221515 233097 250552 228948 204336 247331 243949 235275 277699 244230 245242 223467 225321 225087 259548 237222 
216307 213162 221381 205254 192107 217579 219519 213596 248932 220538 210933 190608 208424 213779 222560 231205 192473 236175 246847 218513 208318 224427 207912 210623 189315 196792 200118 225572 201785 208301 199648 180521 230880 202632 236717 208122 198183 194244 232486 211139 199246 214978 211468 189337 237497 206113 238536 216581 233253 196114 195586 211968 211530 221751 215663 211654 224877 199552 245038 203707 212567 226292 222271 229533 207246 217387 204851 219200 212219 231048 193304 191859 209219 229019 237271 242580 227971 225336 230475 201938 199445 222226 211519 221224 201028 192516 213881 200474 174921 203206 229932 213964 229281 223588 225554 195107 204525 204580 207665 221506 
236811 242978 248463 220904 192811 261001 243707 212951 271278 234273 225207 229454 227784 264758 229785 272238 220694 244373 271678 251131 226642 259477 236895 237767 217339 224693 238216 244671 228138 236913 225771 188547 267598 240150 261432 229919 247251 224633 265942 233542 238732 240467 237442 234500 233852 219766 248091 236983 271372 225024 203386 230277 208758 262241 244276 217590 243696 222478 274215 233792 247938 214875 230638 242094 240467 230920 226440 235990 240329 244035 233935 201051 239162 241701 246088 264395 268360 254722 226887 217964 217625 246533 245383 271292 248786 234476 235685 222328 205297 241358 239854 239013 273089 267502 247299 207624 224273 236557 240240 240681 
242977 246560 259953 236186 225835 258907 233424 232619 272761 244263 242946 252749 217073 245177 235553 279313 247291 242184 293713 271901 246481 252703 233675 215343 228928 232623 255352 240365 221241 251509 227206 216368 279629 269633 269043 248589 234579 233391 284610 244953 244069 255462 245379 250748 271243 243582 264592 255683 285599 246946 229212 257718 215153 245310 251965 226368 252714 201319 276487 231333 262437 247604 239130 264042 241722 226768 231454 244237 236607 262409 234994 189935 249253 261071 271617 260602 274656 263390 235717 222080 238250 261121 244973 266414 256775 232957 239222 229696 212000 248866 230352 244371 287623 266845 254520 228844 229140 244072 254288 261257 
216324 228906 220085 208509 202929 229844 229217 201562 249211 217848 218171 204177 211467 227136 213763 240185 212377 237116 250320 230602 207131 212489 216511 197473 217399 212616 227179 234211 191597 227401 205782 176700 244248 236711 230812 217719 217812 215038 246719 240526 213889 235316 216924 212166 224637 215563 239457 223319 251709 198997 195255 228061 202374 215257 230166 211671 241852 196660 251178 228983 254152 231949 202389 230687 225774 213821 215772 217060 223585 220353 203757 179761 232012 233621 240360 267924 236366 246378 210822 199945 207300 224957 225971 222038 235800 216994 198711 218680 204731 227396 224967 214011 238760 241850 230280 208852 210754 224912 246085 240073 
236195 243263 262856 214709 228355 256087 238090 243281 282879 231459 231643 248768 222762 260750 247280 266935 222441 255036 282821 247463 246173 262852 236546 230114 223279 231705 233349 247984 232826 251997 230038 204957 260729 247676 269890 241897 227883 223747 278920 249534 234561 255259 243098 241479 254521 238176 260489 253661 272541 233083 215675 237737 217540 253624 259883 231679 255010 226327 270858 243853 251144 243152 239916 243951 241406 229812 216837 265282 245088 243973 240100 203216 225846 266402 253748 273402 266085 253969 256841 230045 239669 249125 250982 253912 247891 239096 248470 256127 234067 240015 238269 253122 282559 262143 243700 221794 227157 244497 259063 263054 
229160 254505 235648 233253 197838 242055 244040 230420 267235 236317 241281 230859 229698 249160 242717 253328 224560 260719 281859 256797 232173 248042 224545 232433 224313 216868 249238 261501 228736 247739 245541 194736 261046 250928 251824 238131 234516 220846 269668 244739 225870 253072 232111 228991 245832 222682 255718 252906 289031 239094 211626 224627 207739 255237 247138 219652 238475 227016 274631 238824 239876 241180 227476 252679 224669 238189 219750 240056 240929 246909 236188 215499 248199 270394 261818 277390 254122 269819 231247 223294 228614 259826 243206 252996 231901 212573 232229 218319 215613 241162 232434 261432 261863 271595 259714 226113 230603 241033 259024 251064 
261565 252975 264154 235541 217553 252265 264147 240511 300172 249699 259086 241565 239418 272389 271999 268601 232679 257830 285955 268010 260281 284271 242494 233747 251366 246937 261514 283963 233716 270285 241659 202437 282707 263775 276618 251181 248549 236284 300249 251630 240910 266950 243654 249492 285058 248844 279951 266924 285074 235880 225061 267659 240670 259806 264555 245866 275660 232841 285196 254319 268393 246320 234276 286331 243784 260592 236832 265864 258084 263879 240949 217951 267020 284454 278380 279293 267550 288612 264515 227825 249971 265355 266497 272320 255591 237615 242419 262353 228692 272715 250163 268672 288003 268350 280593 247362 243779 253433 273612 255902 
260223 239282 256183 235985 222687 252765 260193 228308 283582 256632 236922 247181 237284 266064 250065 262972 245630 278839 277726 263161 233633 260792 242771 251451 224242 248081 239442 259986 244668 274222 257688 222905 277262 242836 270637 261971 247536 245309 287032 257416 244153 277916 249616 255897 279804 236033 276122 264848 277881 233472 231508 243396 225724 274984 272922 245443 269101 229861 284452 260656 260363 245625 262215 262930 247738 225102 217967 250597 253645 263309 233073 223860 253252 260483 280824 292023 270013 275955 259163 227049 237585 262564 261803 251072 248012 219165 262872 257636 228412 245574 251965 271167 266827 264612 283653 234859 240289 251335 267475 256813 
253506 239875 245890 225790 204297 240340 251075 220707 266794 248875 233549 215740 232008 247777 245896 261033 226768 241599 284549 248144 235126 246612 209219 249341 218455 232871 256389 255389 209500 237599 233785 194588 255501 237232 252375 233305 221952 229060 243403 255148 227191 241959 248197 221834 252860 213353 262344 235413 257762 211892 216060 227650 221551 245655 250720 225184 243562 225445 275198 226033 243984 226369 222574 238961 234037 234101 222246 233957 235254 249147 236410 221838 224733 246140 260292 272817 256345 254872 225417 220157 230948 250730 230876 244555 228135 220997 237149 228875 193929 229858 224792 239372 261909 250625 245713 225310 231717 236708 249610 240306 
239381 231140 243596 217417 196828 221643 241555 226832 261289 224370 236661 213502 229959 242653 234556 245128 230160 246997 263340 269241 247088 243405 218181 226503 207167 225880 226068 220833 216645 238486 226860 193727 245993 235617 235132 241767 208643 221021 266259 236176 232564 253270 228769 235793 246505 228842 267604 245359 265423 226895 202874 238020 210423 238414 253284 228631 237838 202582 259027 215661 245068 233743 217398 243978 247424 211945 200213 235327 243212 244301 211931 201624 242968 231237 251032 259815 258961 263521 219656 201957 224938 250667 225948 226482 217543 220453 231303 214957 216615 246970 229944 236874 259391 248367 234688 230102 208662 240224 254131 238002 
258327 251490 286445 259138 213946 282420 263955 239769 304198 263130 259732 251475 253825 277213 269657 281760 245458 270887 312314 286526 263204 271852 255409 262381 242554 243092 286287 270939 246167 269772 243322 232783 288611 256577 290409 255308 263328 244058 283388 281168 255516 270135 266643 257823 293809 256334 279572 270807 289974 242036 232069 263969 245679 280513 264202 257758 263879 232263 298321 249274 276575 254732 249069 263127 254759 264959 248087 258851 271164 268999 250299 232432 269070 281032 281768 299391 302322 287551 253811 258268 256516 280879 262282 292089 260865 241172 261342 238641 223700 268759 262750 273869 290979 267892 276715 254064 249459 263069 280661 255812 
259817 275223 259897 242203 221057 263090 254994 247326 289436 247107 265408 237235 250473 284584 271064 273828 241749 273387 306724 284113 254380 260654 235264 228411 255995 229519 280893 262884 227368 270656 239614 220633 289859 263340 280732 264425 250978 243745 297443 277533 245844 273019 272619 248565 274608 235730 288247 265605 295435 245533 242263 263769 243340 270413 283468 256377 263129 227250 297103 258368 269377 257952 245869 272618 255710 245901 242878 266798 254225 265590 254811 215370 268033 275939 275918 298338 275933 283814 261704 247165 255630 273163 249528 285704 255653 240330 257129 245465 245120 262055 258790 270242 291236 282946 263869 248445 226189 270690 283513 273542 
283873 273467 302254 262899 229784 284354 293321 252878 315696 283416 273295 265339 252914 292589 281091 298833 254672 285942 299085 291328 283598 289028 249343 261450 254591 263325 272359 290073 267355 277994 255198 232932 298257 291040 292763 271584 270610 265608 310217 288812 271793 280462 288808 276743 290255 257122 290022 271850 306638 254905 255482 277320 248458 300707 298434 271561 294674 247321 307611 290781 280705 265624 266666 296161 254497 270781 262869 286207 277421 291886 268897 229360 272436 314198 284064 324175 316733 303312 285831 255580 267548 291022 274896 282636 278507 256689 282488 264233 248802 275539 270147 284646 304146 296708 287664 267529 269130 276150 306483 278457 
267543 247304 263841 244358 235652 289952 266164 229047 281924 268198 242342 235327 254627 290985 266385 270818 259873 284108 298919 293224 248453 260368 247144 254647 249601 253808 270291 259886 242807 265998 266238 206892 284220 268983 281370 254171 262125 242567 287386 290034 254871 282643 272325 255745 282942 254233 295229 260482 294515 244808 242616 250777 248509 285815 282138 242585 283825 255646 307886 261352 278115 257346 262941 248898 262375 244786 252279 253544 274837 280555 252774 240129 254773 251237 277532 288779 300278 299290 260408 247831 253740 270317 261866 288373 257343 242041 265154 254680 256613 257840 268693 269498 298666 286726 267728 248992 237339 270807 296563 272200 
244019 261219 264981 220343 214933 268451 241033 223757 285356 245597 246272 247062 235755 258864 237627 274244 241547 252180 279142 267662 231832 270806 220390 238447 219328 233572 249592 259113 239140 257094 234537 197211 267666 250796 267393 239605 240018 220206 290245 259315 234747 262851 268641 229530 258372 215542 270013 254839 281549 228484 228909 242320 216089 261172 252979 231909 268214 221065 286646 242833 250706 225949 237688 261996 245649 233841 235112 255642 245528 252483 238224 202733 229224 257246 251971 275460 278877 284071 248630 238494 243592 267475 239209 261166 248275 235183 259921 237864 222436 241483 235289 254589 283730 272197 253791 239561 226985 244518 250998 257838 
243025 231246 248532 242999 210471 246643 251571 219388 274675 236336 235056 233424 234214 256336 246450 256474 224464 262992 273484 255039 244726 243916 241398 232310 213194 225682 245647 238989 230059 246748 239713 196340 247825 229072 258819 238020 240007 220080 252598 259185 238646 246030 233088 230228 259183 229689 264082 244850 276380 233984 229172 245133 234687 268064 260004 233419 267334 240039 268507 242779 254854 232514 242397 245244 230413 247548 227280 249596 242987 254676 232257 223545 235288 271246 263257 276440 282788 276450 248490 224138 242448 237460 237966 267360 236805 220041 260676 242898 215719 243645 243942 256346 273320 271791 267538 224192 233869 226732 270376 255280 
260173 265107 260041 244504 232569 270217 263967 257746 290202 245951 250125 238481 248608 268642 269616 265355 251206 272222 302654 262485 252552 280093 260169 241845 236463 250827 262317 262237 242153 263375 246958 216839 279801 271640 274777 260439 252656 250796 281417 263098 237317 263070 249467 251681 265342 253925 280672 259781 296009 248229 221116 258529 248687 267544 277935 251098 265636 252862 298561 260283 274024 271432 241609 264128 262823 252227 245176 273555 244978 263859 256634 237097 263347 284127 283349 298747 279800 266442 268035 229509 254814 267021 266300 267941 263532 237043 253533 239311 238606 267124 255501 269131 283406 284414 270615 237283 240716 271904 278352 284767 
244510 245422 253796 225675 209582 246134 257210 224286 283051 236027 228651 238432 222543 255190 248768 260340 232086 260362 282078 260716 245840 262094 239386 235919 211598 225421 237803 267530 226735 258751 241136 193528 268873 250310 257189 258738 236921 226975 257172 253327 219012 252352 243818 241239 261851 231426 255370 261073 277597 230034 231077 249073 227418 255900 261425 229856 265561 222354 265877 244025 251957 237996 234363 266738 234556 236217 220250 239792 261146 244854 223441 216652 239212 246442 268180 294604 262534 269883 246058 217055 235813 255464 235697 268998 244363 234621 233602 234758 220558 246759 243021 252854 267351 260713 254915 224544 229742 242105 250807 259617 
256325 254904 257757 233262 234244 271206 266353 237046 273644 260152 238991 220432 234529 261973 251534 247533 221180 256428 280324 262830 254104 256740 230418 247565 229777 234688 229770 245835 225841 259331 234403 198982 281786 259703 257447 232075 234768 233120 266616 255121 226752 256448 248915 238498 258853 233961 258305 252106 263933 229917 212612 252151 219646 244912 267099 226242 253296 234419 272839 241911 278903 257233 234157 252589 250682 232630 232825 251555 246407 249885 227228 223615 244147 243881 258897 300450 267350 291338 253003 221456 241815 272431 262668 259661 256060 250317 242562 249219 215248 240745 251906 254778 271507 266040 254015 239774 228666 242968 268056 252027 
261825 258699 272772 253541 233560 257476 268876 252454 304264 263219 246425 263006 250374 272684 264333 273323 247323 289204 297991 276755 260614 280465 270615 255315 246701 250454 261755 267773 239778 273548 255753 223349 289604 271877 283738 273454 269012 258942 291882 278167 257163 268496 261290 268910 267316 229721 279185 270479 296603 258634 238804 273826 254073 282356 284778 236774 276612 244641 311830 253876 275495 275611 249927 290277 264357 242782 255166 253256 263862 273016 234131 227342 270425 273249 281623 317712 289697 285440 255138 247918 243979 281734 279184 290300 270759 249182 250972 259835 249643 256824 286229 260214 285946 290032 284179 246428 257971 269202 286869 269791 
248055 239698 249051 225515 204399 242889 245745 233369 289394 242243 242602 241042 243512 248935 252182 275051 223088 254746 263277 258388 253173 252893 236410 224235 225089 224511 253267 237776 225406 262708 218966 199657 268126 248262 265191 253250 234565 239432 262954 257841 234573 255551 240262 229410 259263 229284 267638 249675 269947 235620 219017 242111 230267 240900 260147 231787 251962 229744 270621 241659 258079 241672 233132 252492 227991 227417 230521 256708 242015 251782 232029 211380 236110 269727 253387 274085 267645 251626 232694 225014 236357 262668 246969 249766 247549 237348 257685 235423 222442 255941 243341 249060 277695 269595 256405 225962 250822 233497 265296 257706 
254980 252072 246926 238432 217613 247295 250820 235398 280254 244579 246970 235276 235982 269468 245478 269109 229918 259445 297498 271136 234760 255267 243421 243010 242064 233712 244457 248813 228700 263153 236762 217180 274060 244632 262129 247235 240727 231181 282884 252467 234145 269665 243361 247764 257324 243061 270961 258821 274068 235789 231195 259745 244559 266914 258714 245476 254212 219486 280162 229129 269395 248178 243775 261675 257160 238382 237953 253988 242764 258250 246418 220280 276136 272288 270655 289177 277881 271315 242730 237912 248299 266276 235623 273326 258278 222270 253015 250860 228302 263767 262899 267891 278518 264815 267790 224431 223165 243417 258753 269565 
249711 229533 247990 231980 193526 234700 249484 229247 271652 238189 219030 225323 236845 255776 240439 261270 216974 254103 284230 265053 238811 240400 233688 234526 226055 230527 236388 238303 210737 233149 221407 195612 266214 241290 257379 234944 232450 228596 261776 246933 240245 259783 255165 243321 251042 229392 259868 247426 257124 219252 205410 231320 229499 251830 249550 221762 239767 212534 265272 222577 239365 243083 226087 231104 237374 234727 208945 253107 242758 248310 227958 216394 246256 236863 245974 267970 265095 262515 226150 220544 221577 240291 240848 254428 242327 218727 239020 230772 212827 234111 242807 238609 257526 248558 241202 211659 236537 232003 248993 257677 
249394 244757 266213 227755 218035 253022 249246 234340 282393 256069 224857 227337 250653 253517 246252 269045 232684 266586 272980 260337 245033 265970 240256 246812 224447 230110 247153 241337 216911 250369 229790 209198 265071 257473 267532 238315 239443 236551 269580 258745 225312 257328 236177 241893 249803 221743 259067 252520 264452 233409 211058 243072 244507 258383 269574 235011 277719 236108 289780 247840 265150 255387 246988 251950 253300 232647 239347 248740 255764 266919 245768 224217 246098 268489 237808 277624 273976 278365 250979 240601 234669 252294 245410 275981 235808 238736 250937 226576 226438 244250 252426 248593 275019 265378 248195 240241 245325 237269 267638 266287 
253845 266134 263101 258600 233676 270401 278232 245765 302795 242024 254227 277756 239445 256881 255788 283252 252396 271498 295776 274012 261054 268105 249482 253805 222951 234345 258445 252422 238375 269797 261513 208682 277708 271959 270637 261285 258025 237335 265333 258909 257175 255964 255358 239248 266982 233523 272161 281675 299766 253794 232876 263597 246699 271565 259893 234951 253117 244480 299556 266459 266890 260934 251892 266733 254829 261631 239557 244314 254541 277461 250988 244462 263943 284292 278755 300117 279577 284371 264841 238051 254762 279390 258841 287518 257633 238318 270478 255502 244084 246780 246431 267601 292418 282490 278176 232900 250729 259270 278051 279606 
231539 223986 237207 213078 187733 230024 233453 198313 239332 224794 216532 224811 199822 225766 218136 242473 211527 219156 263915 249226 201838 224500 221225 205175 205565 220965 228219 215031 202049 221940 200545 196595 242680 219659 228931 214582 220534 212178 245887 213131 216775 242051 219919 217814 231641 215107 237986 232591 231376 212785 201861 229505 197539 233640 237893 212153 230257 202062 247196 218623 239169 209578 218704 236892 217845 210939 203657 209548 218342 245375 217340 193762 235325 239253 240977 250897 249921 234057 214002 207521 217099 222053 214237 227711 214618 206986 224815 208856 195752 226693 235403 249933 246253 225262 232103 217362 213142 229186 245177 238423 
256911 253262 259245 224000 238813 277909 257103 255548 292125 257051 257979 247405 229555 265407 252420 275175 223105 260896 287588 280056 249474 269003 250545 242245 240532 238221 261959 254800 232422 272349 242018 219196 290055 265531 269430 245947 242955 243431 273881 266694 232591 281976 255731 235971 281998 248361 274482 270843 269704 247474 233750 262325 237261 265783 274140 244990 269067 227214 290586 256502 272390 252093 229158 271328 261211 239177 249579 247920 257919 258523 230578 205997 257749 274567 281166 302418 273255 273399 253774 229938 245630 287958 236595 281404 252937 250617 259299 247254 235049 260524 260917 253890 283289 275541 270389 242921 232037 256573 269834 272903 
253625 249223 244775 228922 204523 249783 254805 230716 276477 236303 235654 240926 238990 273426 254935 255801 230712 261220 283828 273443 232844 251342 241960 231044 237371 232594 258328 249751 231546 265476 236730 201489 270108 233714 259076 263205 247927 247293 269015 261198 232110 270193 254847 242208 251059 221095 264287 265631 259807 234762 229913 248414 236226 255971 277397 222494 237061 224032 286058 254453 260632 243114 238374 262943 267814 214921 226067 244705 238577 247895 225173 223581 250839 254385 263319 283378 273333 266184 251439 234492 240650 260639 241391 258865 234307 223717 255875 251341 229137 267552 255646 254864 278590 254062 246296 224563 218110 248177 262088 254472 
260669 250023 242987 247576 225107 249786 251841 225800 275235 251562 245336 242060 238695 265736 254948 272678 221792 263232 285049 255900 251864 257877 245543 242670 230975 237741 252788 247298 236588 261517 240610 203839 260832 242178 262707 252661 256263 234027 280134 261861 245918 255114 254375 235913 260446 250431 278773 251312 286704 240323 225833 258393 233816 256535 258783 234647 268679 223168 275769 253267 264039 230686 238047 257625 254724 236726 247604 244413 256030 258734 225023 229193 245931 253824 273542 282899 273751 273410 261231 212272 238097 256566 251819 263315 246492 229508 260096 249328 239514 249090 263246 243870 284860 272261 274588 243344 243872 260311 282850 254530 
281122 267047 280275 250575 215093 260746 269035 251315 298277 242325 241736 262626 254359 278060 265958 278629 251998 258106 314984 279040 258518 271210 252595 243107 236966 233360 273936 261595 241803 263663 238255 227807 285724 254741 286288 275675 257247 242031 291856 266832 256321 273106 268895 264571 278562 245380 285324 257896 283648 256101 227092 270114 238528 274024 284853 246809 259832 226672 294102 263990 270387 250466 233490 279669 252165 243546 229691 250165 258470 266895 240872 226605 253381 282244 280459 278854 287288 278764 257741 240305 247234 262610 256478 264572 256187 235944 250752 264241 230729 263360 246717 258388 292733 275465 259716 248962 244445 256697 265672 256326 
249081 239049 249619 220497 225831 251936 235407 224267 276515 235006 244479 226687 220713 247885 254603 256306 215591 248786 284068 244909 229194 248657 225753 224879 222919 227236 236861 238199 217008 255808 230842 192029 263209 255019 255948 228442 238540 241171 267264 243087 214813 246559 246822 226614 253334 226486 255196 235317 256612 230249 209634 246718 223966 242174 257195 236667 233102 220371 259696 239388 245852 244273 219364 264592 229820 222191 237408 257853 219596 242529 221100 188558 227309 242605 255616 282789 246279 257608 244551 215207 246268 257350 226092 259512 234115 222884 231284 222157 220221 232856 248998 242339 270976 262404 262165 221813 222755 239666 258118 235832 
252581 258431 257876 238274 212327 251208 250751 242461 267591 243211 255300 241430 239225 282481 256305 278798 220289 251683 293266 271425 253222 260321 239746 239752 231239 232618 274091 247508 225142 265939 234721 206347 272416 247292 270249 236691 250287 237349 289984 263847 247311 267677 253516 236425 263171 232945 274623 255377 279724 238706 222318 250306 222626 255941 257075 245157 261426 223153 278782 242787 263300 238510 238827 259262 258856 246057 249393 256940 248289 250027 224433 220392 257383 266578 263820 286782 271857 276328 240303 228765 242965 249034 230338 275206 244355 238159 245619 230557 222425 255164 265909 259661 281181 263350 268690 246455 240466 255854 261509 259639 
269935 253326 270603 238844 222592 268312 262993 220513 292493 266102 244139 254036 251539 287906 252569 280031 241099 270073 279059 277716 241555 263221 255449 248928 247067 245005 265324 267196 243721 279963 253059 214221 270764 274200 272966 260800 254763 246044 292204 277996 266762 278110 273779 267840 281018 234045 271354 262693 293510 247989 242419 255412 244565 279149 278476 247292 267769 245047 295257 258912 283817 260203 260178 269531 255871 244195 250532 256531 264507 266156 233527 224045 259573 264876 273329 295037 280407 281068 254967 240815 241786 275388 263606 267280 262494 247821 266709 251949 240868 261045 271485 276118 290783 274167 274684 247283 251788 242583 281201 267515 
258648 259345 262911 240630 225683 253969 264980 223574 278934 264800 233593 225080 229428 267140 255212 261422 247023 279769 269220 248190 234770 273460 244849 244792 232021 241721 246941 268438 227424 249434 250913 222953 264804 260506 260068 248597 245171 232501 285602 262032 244450 272700 251880 228462 273712 232606 278952 255044 275451 220458 214785 251244 243447 275308 262931 245373 271942 241079 266999 249362 253009 257650 240394 264227 252672 220511 243621 262323 251136 247215 217544 227737 254279 260163 275043 280589 272953 278170 252177 219994 242584 243929 259839 265538 271784 221812 238954 249203 219063 256818 262371 258796 265917 270078 269205 233971 235960 252823 272788 262183 
253518 264014 277154 237823 217550 255359 258726 248480 288146 247390 269286 249300 256219 263910 268233 277753 227283 281360 296593 276228 252733 280178 253406 254094 253023 246641 246501 264257 230682 268933 237053 210744 265210 247923 282576 250733 256979 247360 288411 272846 247739 268037 265046 242468 276534 236348 282655 264946 281654 243712 221641 263571 240349 256981 276910 235881 264460 243940 291031 254375 264992 270434 244617 272385 256706 236804 242933 284716 252142 271700 247905 219257 258683 267792 280484 296340 291638 279032 264410 242859 250960 265204 268505 281261 264840 248655 254686 263901 235603 268783 262670 264294 292219 288822 275386 229964 230664 253405 288813 264467 
232985 242358 254164 219914 184658 246654 235957 234159 265631 236182 257976 231014 232787 245465 253274 259047 221819 247744 267295 250804 233031 253139 228441 221822 227125 228696 240995 237142 211305 250444 226885 207825 257279 231961 249535 254309 226780 230785 271361 253239 214925 260981 215608 225572 255888 232889 251678 245786 270267 217202 203864 250484 211141 236972 253087 221944 244339 209560 261551 238862 244932 228229 223709 263458 233863 216871 209082 238188 245618 243143 228771 207850 248813 252678 256342 260431 270784 245203 236152 217888 235880 243647 247972 253909 229769 217602 235999 230212 218449 244988 226563 249997 266477 258413 253885 221914 225417 237555 248110 240484 
231981 235683 233197 210750 196962 238554 230974 213613 267333 219050 239912 208136 226012 243109 235227 253409 212854 216373 277920 256837 216963 220617 223134 220878 206660 218593 231417 228854 215322 227359 214026 193919 253573 218072 233490 232726 223599 201192 250891 233138 223815 236020 234495 215491 241113 208422 253769 236788 263678 212506 203178 240380 205189 244688 237033 207141 222463 209010 246323 230100 238315 222239 215146 241468 228875 239740 207427 227084 243614 229369 221752 206330 244854 235983 243258 268293 252933 238353 211386 209026 201016 241460 216239 234768 227771 209654 219325 211506 197773 235425 227580 238226 248985 230727 232507 215899 224333 225553 242523 244234 
260045 248211 275434 232636 216877 254921 246853 229801 274666 246289 241923 239002 254220 271206 258926 267403 234139 263060 305672 264466 238268 247303 239066 229229 229597 238340 258345 261498 224327 256720 232383 206973 278888 260891 283269 249445 239339 242471 285450 271121 239086 269350 262573 244450 272939 244951 260474 259337 274607 253377 230709 245298 215340 261694 266629 223797 263210 225758 272231 274767 276739 253914 241153 264345 239406 239271 232247 263546 254089 256825 251802 209926 241316 253069 259415 287237 276261 268172 242088 220532 251164 258238 263727 264739 253405 249633 254389 252124 242294 248424 258017 262179 304558 262518 262466 247596 252897 254312 274866 278808 
270797 247086 268529 250909 215575 257789 258083 252281 294322 257695 248307 237648 263435 267685 270368 284030 244997 271349 301520 272293 247370 262045 236263 240469 233796 245026 265712 265969 244656 258714 229934 232648 269409 245941 274538 272366 244024 237778 276836 269816 243015 275566 265231 255115 281978 258843 283028 264814 278688 238034 225145 259912 231659 276181 278325 254071 268017 221991 272027 257863 266305 252225 245045 273485 246586 255640 234381 263361 258836 271985 262812 229716 249677 275606 274617 277489 282811 265183 254367 247875 244641 264414 267230 245434 257266 229493 259026 254311 237454 254782 252800 273053 286978 267121 266285 242796 243965 254202 280063 257882 
265642 265602 277839 242301 227151 272995 280285 246685 302345 255354 253233 249411 248139 283310 264622 273565 233862 274457 299683 270750 268612 269795 252458 250339 247339 231306 275288 266181 233980 259025 245519 225898 288081 270031 296389 265972 248424 261123 297610 264908 261706 261486 261210 252749 285753 243381 280801 265204 276414 253679 255137 257464 244394 271045 284622 243181 268832 241551 289324 268235 270653 271874 260682 273873 261764 242248 248786 281158 266315 259415 242288 225965 264569 269408 282668 303752 287926 285155 256584 243438 251481 284487 266464 278223 277331 264102 260793 266199 228459 266449 267389 254361 274955 267946 273146 234884 243349 262323 272636 273582 
265447 231189 252234 235820 225178 259163 259655 227617 279626 247749 244789 246084 230112 259393 245592 273224 248018 261182 282599 260148 237947 265570 239014 247750 215912 257838 257123 258226 219960 267514 235141 197673 281637 246815 264884 254429 243285 248652 266125 252508 229334 254272 256302 248269 255410 235281 276032 263164 270106 232667 201551 259596 233941 245943 252655 225880 260585 224623 282187 243247 257765 236723 236597 269007 258351 238104 235446 245402 259640 253610 239468 231243 252840 255394 275080 281545 277352 265925 239328 219361 245698 256286 247582 271390 248780 234509 246748 250839 236864 251433 258399 243512 282668 267840 271467 233812 237077 251416 277969 249058 
259317 249538 260563 217139 216064 266471 261882 239200 283522 254631 247360 234508 234744 256143 261018 257262 227625 266826 285450 263154 252758 264254 251676 244037 218154 238273 236350 234498 235655 251646 249545 206588 273922 258146 255053 237596 240566 238619 283673 255823 221349 273053 244348 242801 253371 218176 280011 248823 276909 228979 212300 254441 229872 262005 273472 243337 257548 239870 276500 247035 260467 256810 235971 261267 269633 231130 230436 262086 251743 253376 229051 209775 258539 263537 253991 289182 255234 292473 257638 211994 239668 252642 233472 276820 252513 233414 248169 236530 220614 262086 255763 246787 282373 278716 261780 233302 240869 254785 274057 271786 
255011 271384 257222 234942 211823 249469 257992 244664 268744 252275 232076 267412 240313 273440 256111 270532 232736 271706 285766 253160 237413 263410 257949 229707 244920 250577 258093 267996 226986 261286 220047 213707 266351 265545 275479 247667 249397 248240 280888 272455 242472 266855 251980 263064 258737 238738 271957 256358 300379 239996 223001 231378 238753 242866 268507 238394 278787 231558 295623 243564 282052 237460 251046 280422 245767 228158 239157 246083 248319 254165 230540 227084 246960 269404 261619 295123 297791 278117 249841 220908 250159 256053 260572 267746 268877 245932 251055 254890 229871 255638 256932 266148 266139 290533 259739 237732 234220 259893 276069 254341 
219332 224712 247750 233643 192446 228548 249921 225805 255372 233820 223187 228310 220032 243979 232403 252143 234677 236193 255692 236317 241170 241815 232167 223568 207609 213248 250357 225555 202732 216492 227455 204289 232003 220703 251387 239261 235360 224361 263834 225511 232213 227183 233482 241332 239570 219614 260743 230171 282170 229784 198979 231860 215423 258484 238686 219549 248882 224370 262940 230236 231289 226832 230367 227405 245523 217243 240328 225323 243727 232456 226737 203383 240783 232627 258116 255549 266610 251447 219099 211118 216939 240319 236412 262431 231192 216125 221184 214684 229306 235451 233763 228618 248015 240988 247496 219850 223863 236741 260252 228726 
241286 248968 238883 240431 196240 236816 233871 226325 267863 230184 221457 235762 221364 236067 234836 247147 230664 239664 267125 245710 230684 235365 225928 243337 207248 204559 242055 231060 224915 231496 214873 204936 236079 224010 262333 244120 232696 210530 250208 235862 219425 229804 243041 217613 251178 215889 250469 233039 267644 216379 217610 231147 225498 242194 256039 213276 232352 221866 265339 243163 234474 220095 233621 246937 218095 212682 212650 229130 233234 230894 239709 216621 220979 260412 260453 269577 273241 244167 241937 225017 239534 242798 248145 245645 220156 215535 249135 238452 216466 233193 236455 232203 262866 257454 247177 223036 216435 220412 246880 236057 
214717 221043 227380 196458 185100 234540 220735 212980 252595 217817 226723 214057 223821 238084 222629 260310 203851 230738 253053 254304 205729 215492 215594 212563 214423 206392 233596 222987 199818 225800 200852 172908 244908 215269 231426 225659 211218 210799 253419 222489 211393 241961 226313 231779 242386 212368 245004 237698 246140 222478 192634 215696 201391 233250 234526 210299 231367 198650 251750 213777 226513 222856 219758 219268 228695 229009 209755 234385 233301 244963 217646 176215 218393 222787 227242 247520 233898 237862 208216 205517 214164 243300 223945 225350 212954 218847 228160 210322 207246 220934 224837 220272 254331 226440 238156 197229 212552 221634 232091 237817 
263576 269550 281670 252129 221108 275364 266757 249230 285564 253116 260092 260403 257880 272556 277937 290814 232288 282210 290100 272411 243106 266409 255520 241386 241652 249607 258249 278512 234098 263184 235756 215221 293617 257399 274621 257086 257427 249843 290535 265279 247973 267222 264023 246967 274901 254955 278243 271238 289926 265005 223629 253157 233090 258870 271866 248720 277005 239530 288521 273386 273987 254062 274470 285929 259939 252971 246530 268145 263601 262996 245869 238944 262553 269340 275072 289081 291231 274510 268039 230315 269608 270096 260392 279941 260742 257845 260633 246345 234274 263295 266472 277124 285826 281771 269781 235141 248722 263556 281964 280911 
237095 245513 244030 217592 200781 231626 231408 226946 256435 249953 235797 231589 238522 246741 253910 267044 233810 251813 250038 251028 236762 234530 228303 216904 225796 234003 261460 241847 213746 242824 223237 208164 249344 241078 252514 238516 235828 224652 272043 251289 245930 258359 242277 224950 246461 217964 263279 251708 274023 235897 211042 246779 225085 244995 249467 218093 259055 213952 256600 238718 256277 235963 216509 251389 260057 225957 225678 249395 254017 238941 224875 206357 245704 249250 251884 274182 280116 267006 219736 210519 238330 247979 248227 258376 243869 225407 227762 238743 219901 252268 253850 225536 271550 264008 254328 236083 233988 234902 265717 254220 
247365 254580 242976 238581 222598 260243 256993 250237 266359 262224 235456 246903 228154 262383 249851 268585 228281 267342 278888 262301 253469 253174 255078 236968 240357 248487 243868 255660 230213 279504 242630 216814 279831 250559 263895 249816 245605 251125 289988 256587 232748 269648 251615 250188 263021 261856 273163 255350 295408 247653 215246 247515 233201 259390 268506 246753 266119 231572 289265 245504 268203 243757 261084 254936 250581 228939 229259 246606 245670 268397 236095 209860 256170 265368 275763 296097 281923 257563 254471 245245 249982 266508 250830 273988 245594 241389 253267 249701 245776 255911 265687 255676 280809 266761 266834 233226 239217 249181 275742 261750 
236125 239075 257389 219436 209126 231623 240849 234470 269377 242648 239860 214821 224982 255476 235074 258417 227616 251516 268476 267217 244288 255599 225226 237933 229530 211836 251110 234583 225475 245639 220107 201512 263146 247281 266663 238764 219647 223791 276311 247632 225459 252273 245552 241623 252578 207689 251190 248256 261465 234603 209297 245072 213019 252378 269968 227466 246150 205688 265529 233711 238496 234031 220905 246793 245967 216724 226460 248436 232118 252650 229855 200525 226925 257663 244696 264215 259458 261740 238918 205267 234200 250936 242855 253986 232987 217434 249786 245253 213683 248042 242616 238036 271517 253343 254248 229300 222442 233992 253629 254377 
264121 242809 269420 232400 224304 273980 269055 244147 281538 259894 242722 230009 254005 277047 266274 275371 233110 265542 283199 268221 268676 269942 230662 243951 242946 234398 256465 254691 217711 265459 241395 205841 285612 248369 272771 253770 223682 238396 279827 261535 242950 272527 256433 252437 268661 235390 275283 250093 273082 235792 229599 249397 245417 277712 285343 250985 265029 224676 296050 245983 260139 255484 246706 253881 259608 232651 241366 268016 241536 251568 248433 214927 239180 257634 273639 294931 274444 276117 249309 224397 249504 275251 245875 283175 254693 244666 255257 244610 228442 252089 249654 246139 284266 264108 259903 251731 240275 253178 271825 261112 
212396 223294 231219 192386 178025 233068 227104 209004 273589 218116 217765 201242 199206 242292 203140 230139 208171 237787 261493 227764 209188 234223 224097 216000 208201 221709 220098 234743 203078 203570 219393 180638 242175 229729 228865 217391 225251 213069 249480 225916 205231 228945 217602 216551 227011 210873 229509 220846 253408 222202 190026 210729 199257 242355 228764 203681 239918 219323 260320 217267 228811 214980 202584 230230 207157 224764 201596 217227 236575 225519 211117 182722 213719 227091 223820 256314 239314 248488 208170 203190 208313 240414 228465 240631 222178 215773 213296 220562 203539 213868 211849 230527 232163 245882 234480 194223 213645 228850 216512 222196 
262777 241842 266365 218097 205818 259730 258032 242211 277599 241187 238083 230837 245896 267241 264951 278377 238151 264541 283242 260748 228032 262594 242858 259349 234299 248271 259562 258387 217706 262095 239397 208432 269120 234502 264918 256603 252063 234372 263974 275642 236320 272218 241237 249041 257405 231797 278361 255287 264136 235190 209041 246356 230591 255985 285098 231624 278894 240003 284408 255632 262339 244351 242192 256916 249276 244428 236638 273367 267546 260441 253217 234642 250192 272570 253951 281360 275009 259623 243474 236220 241508 250174 242282 271522 240024 240267 254536 237320 232610 260091 238914 265852 254421 270659 257914 230737 231763 233422 279527 259826 
266870 273669 275916 226937 220499 274297 265285 237554 279189 248594 246310 238240 244710 275329 267599 277605 238235 255785 291822 275785 241169 260150 251007 256163 224015 237826 264083 256941 238148 269476 243909 203641 280475 251693 279309 248115 253954 232583 276107 263600 248684 252480 251015 227525 257202 227850 272095 258324 279381 241150 231897 258701 237856 272530 263923 228084 250415 226946 292196 258349 265855 251474 236713 267205 263460 248580 230265 263903 256645 261548 237465 221795 254642 260749 272981 287813 295324 263802 244533 220979 244235 265454 249060 267136 253227 230812 254041 233007 222758 265302 269441 253588 278540 255505 264274 242241 234985 255459 266235 268648 
256031 244258 252511 245446 233971 265039 254154 238376 294160 256719 244331 239475 254587 252182 252258 285088 230329 260882 294950 268097 252081 264835 252645 238105 218077 227479 255209 247848 232093 259278 241768 215070 276442 257551 260946 264359 245255 244773 284835 248636 238627 254026 232269 251645 264852 239803 274578 256929 281080 240097 208407 272103 242138 258966 276664 236551 265859 224230 280391 235980 261315 254406 241600 271619 254728 247350 236029 248604 252199 263474 232951 224112 248912 250703 282238 282268 273908 265710 242819 226905 230501 270688 251019 264966 242174 240007 241203 216948 226384 246482 261655 235104 270791 261214 260508 244449 255114 262007 271181 254831 
269864 291530 288683 258442 228500 258055 278163 251126 306001 283559 264065 261145 258963 279538 282219 290499 248301 279321 309129 279317 274877 291300 267646 259010 260453 256527 293429 270149 263042 284057 252771 226792 293315 275984 297053 272259 268344 255877 306937 283329 252506 268427 268159 259386 276414 244455 298042 272254 306874 255441 237890 262446 271209 285139 291108 260407 283336 250562 304732 280740 282597 252432 261131 284354 272448 247464 250183 264448 264932 281965 259098 234318 274049 279985 287063 303196 292283 287024 278264 242516 257629 275277 270700 263914 263267 255408 281258 247564 250571 272424 282923 273946 307065 286673 279080 267263 256476 274501 291912 271872 
