Execution Time : 0.044976 ms
Result Matrix : 
2200 2145 2090 2035 1980 1925 1870 1815 1760 1705 
7700 7545 7390 7235 7080 6925 6770 6615 6460 6305 
13200 12945 12690 12435 12180 11925 11670 11415 11160 10905 
18700 18345 17990 17635 17280 16925 16570 16215 15860 15505 
24200 23745 23290 22835 22380 21925 21470 21015 20560 20105 
29700 29145 28590 28035 27480 26925 26370 25815 25260 24705 
35200 34545 33890 33235 32580 31925 31270 30615 29960 29305 
40700 39945 39190 38435 37680 36925 36170 35415 34660 33905 
46200 45345 44490 43635 42780 41925 41070 40215 39360 38505 
51700 50745 49790 48835 47880 46925 45970 45015 44060 43105 
