Algorithm: Greedy Vertex Coloring
Vertex colors:
0 1
1 0
2 2
3 1
4 2
5 1
6 0
7 1
8 0
9 1
10 2
11 0
12 1
13 0
14 1
15 0
16 1
17 0
18 1
19 2
20 0
21 2
22 1
23 2
24 1
25 0
26 1
27 0
28 2
29 1
30 0
31 2
32 1
33 0
34 1
35 0
36 1
37 0
38 1
39 0
40 1
41 0
42 1
43 0
44 2
45 1
46 0
47 1
48 2
49 0
50 1
51 2
52 1
53 0
54 1
55 0
56 1
57 2
58 1
59 2
60 0
61 1
62 0
63 1
64 0
65 1
66 2
67 0
68 1
69 2
70 0
71 2
72 1
73 2
74 0
75 2
76 1
77 2
78 0
79 1
80 0
81 1
82 0
83 1
84 0
85 2
86 0
87 1
88 0
89 1
90 2
91 0
92 1
93 0
94 1
95 0
96 1
97 0
98 1
99 2
100 0
101 1
102 0
103 1
104 0
105 1
106 0
107 1
108 0
109 2
110 1
111 2
112 0
113 1
114 0
115 1
116 0
117 1
118 0
119 1
120 0
121 1
122 0
123 1
124 2
125 0
126 1
127 2
128 0
129 2
130 0
131 2
132 1
133 0
134 1
135 2
136 0
137 1
138 0
139 2
140 0
141 1
142 0
143 1
144 0
145 1
146 0
147 1
148 2
149 0
150 1
151 2
152 0
153 1
154 2
155 0
156 2
157 1
158 0
159 1
160 0
161 2
162 1
163 0
164 1
165 0
166 1
167 2
168 0
169 1
170 0
171 2
172 1
173 0
174 2
175 1
176 0
177 1
178 0
179 2
180 1
181 2
182 0
183 2
184 0
185 1
186 2
187 0
188 1
189 2
190 0
191 1
192 0
193 2
194 0
195 1
196 0
197 2
198 0
199 1
200 0
201 1
202 0
203 2
204 0
205 2
206 1
207 0
208 1
209 0
210 1
211 2
212 0
213 1
214 0
215 1
216 2
217 0
218 1
219 0
220 1
221 0
222 1
223 0
224 2
225 1
226 2
227 0
228 1
229 2
230 0
231 1
232 0
233 1
234 2
235 0
236 2
237 1
238 0
239 1
240 0
241 1
242 0
243 1
244 2
245 0
246 1
247 0
248 1
249 0
250 1
251 0
252 1
253 0
254 1
255 2
256 0
257 1
258 2
259 1
260 0
261 1
262 0
263 1
264 0
265 2
266 0
267 1
268 2
269 0
270 1
271 0
272 1
273 0
274 1
275 0
276 1
277 0
278 1
279 2
280 0
281 2
282 1
283 0
284 1
285 0
286 1
287 0
288 1
289 0
290 1
291 0
292 2
293 1
294 2
295 0
296 2
297 1
298 2
299 0
300 2
301 1
302 0
303 2
304 1
305 0
306 1
307 2
308 0
309 1
310 0
311 2
312 0
313 1
314 0
315 1
316 2
317 0
318 2
319 1
320 0
321 1
322 2
323 0
324 1
325 2
326 0
327 1
328 0
329 1
330 0
331 1
332 2
333 0
334 1
335 2
336 0
337 1
338 2
339 0
340 2
341 0
342 2
343 1
344 0
345 1
346 0
347 1
348 2
349 0
350 1
351 2
352 0
353 1
354 0
355 1
356 2
357 0
358 1
359 0
360 1
361 0
362 1
363 0
364 1
365 0
366 2
367 1
368 0
369 1
370 2
371 1
372 0
373 1
374 0
375 1
376 0
377 2
378 1
379 2
380 1
381 0
382 2
383 1
384 0
385 1
386 0
387 1
388 0
389 1
390 2
391 0
392 1
393 2
394 0
395 1
396 0
397 1
398 2
399 0
400 1
401 0
402 1
403 2
404 0
405 2
406 1
407 2
408 0
409 2
410 1
411 0
412 1
413 0
414 2
415 0
416 2
417 1
418 0
419 1
420 0
421 1
422 0
423 2
424 1
425 0
426 2
427 1
428 2
429 0
430 1
431 0
432 1
433 0
434 1
435 2
436 0
437 1
438 2
439 0
440 1
441 2
442 0
443 1
444 0
445 1
446 2
447 0
448 1
449 2
450 0
451 1
452 0
453 1
454 0
455 1
456 0
457 1
458 2
459 0
460 1
461 0
462 2
463 0
464 1
465 0
466 1
467 2
468 0
469 2
470 1
471 0
472 1
473 2
474 0
475 1
476 2
477 0
478 1
479 2
480 1
481 0
482 1
483 0
484 1
485 2
486 1
487 2
488 0
489 1
490 2
491 0
492 2
493 1
494 0
495 1
496 0
497 1
498 0
499 2
500 1
501 0
502 1
503 2
504 0
505 1
506 0
507 1
508 0
509 2
510 0
511 1
512 0
513 1
514 0
515 1
516 0
517 1
518 2
519 0
520 2
521 1
522 2
523 0
524 1
525 0
526 1
527 0
528 1
529 0
530 1
531 2
532 0
533 1
534 0
535 1
536 2
537 1
538 0
539 1
540 2
541 0
542 1
543 0
544 1
545 0
546 1
547 0
548 1
549 2
550 1
551 0
552 1
553 2
554 0
555 1
556 2
557 0
558 1
559 0
560 1
561 0
562 1
563 2
564 0
565 1
566 2
567 0
568 1
569 0
570 1
571 2
572 1
573 0
574 2
575 1
576 0
577 1
578 0
579 1
580 0
581 2
582 1
583 2
584 0
585 1
586 0
587 1
588 0
589 1
590 0
591 1
592 0
593 1
594 2
595 0
596 1
597 2
598 0
599 1
600 3
601 2
602 0
603 1
604 0
605 1
606 0
607 1
608 0
609 1
610 0
611 2
612 0
613 1
614 0
615 1
616 0
617 1
618 0
619 2
620 0
621 1
622 0
623 1
624 0
625 2
626 1
627 0
628 1
629 0
630 1
631 0
632 1
633 0
634 1
635 2
636 1
637 2
638 1
639 0
640 2
641 0
642 1
643 2
644 1
645 0
646 1
647 0
648 1
649 0
650 2
651 1
652 2
653 0
654 2
655 1
656 0
657 1
658 2
659 0
660 1
661 0
662 1
663 0
664 1
665 0
666 1
667 0
668 1
669 2
670 0
671 1
672 0
673 1
674 0
675 1
676 0
677 1
678 0
679 1
680 0
681 1
682 0
683 2
684 1
685 0
686 1
687 0
688 1
689 2
690 1
691 0
692 1
693 0
694 1
695 2
696 0
697 1
698 2
699 0
700 2
701 1
702 0
703 1
704 0
705 2
706 1
707 0
708 1
709 0
710 1
711 0
712 1
713 2
714 0
715 1
716 2
717 0
718 1
719 0
720 1
721 0
722 1
723 2
724 1
725 0
726 1
727 0
728 1
729 0
730 1
731 0
732 1
733 0
734 2
735 1
736 2
737 0
738 1
739 0
740 2
741 1
742 0
743 2
744 1
745 0
746 1
747 0
748 2
749 1
750 0
751 1
752 2
753 1
754 0
755 1
756 0
757 1
758 0
759 1
760 0
761 1
762 0
763 1
764 0
765 1
766 0
767 1
768 0
769 1
770 0
771 1
772 0
773 1
774 0
775 1
776 0
777 2
778 1
779 0
780 2
781 1
782 0
783 1
784 0
785 1
786 0
787 2
788 1
789 0
790 1
791 0
792 1
793 0
794 1
795 2
796 3
797 0
798 1
799 0
800 2
801 1
802 2
803 0
804 2
805 0
806 1
807 0
808 1
809 0
810 1
811 0
812 1
813 0
814 1
815 0
816 1
817 2
818 0
819 1
820 0
821 1
822 0
823 1
824 0
825 1
826 0
827 2
828 1
829 0
830 2
831 1
832 0
833 2
834 0
835 1
836 0
837 2
838 1
839 2
840 0
841 1
842 2
843 1
844 0
845 1
846 0
847 2
848 1
849 0
850 1
851 0
852 1
853 0
854 1
855 0
856 2
857 1
858 0
859 1
860 2
861 1
862 2
863 0
864 1
865 2
866 0
867 1
868 0
869 1
870 2
871 0
872 1
873 0
874 1
875 0
876 1
877 2
878 0
879 2
880 0
881 1
882 0
883 1
884 2
885 0
886 1
887 2
888 1
889 0
890 2
891 0
892 1
893 0
894 1
895 0
896 1
897 0
898 1
899 0
900 2
901 1
902 2
903 0
904 1
905 0
906 1
907 0
908 1
909 0
910 1
911 0
912 1
913 0
914 1
915 2
916 0
917 1
918 0
919 2
920 1
921 2
922 0
923 2
924 1
925 0
926 1
927 0
928 1
929 0
930 2
931 1
932 2
933 0
934 1
935 2
936 0
937 1
938 2
939 0
940 1
941 0
942 1
943 2
944 0
945 1
946 0
947 1
948 0
949 1
950 2
951 0
952 2
953 1
954 0
955 1
956 0
957 1
958 0
959 1
960 0
961 2
962 1
963 0
964 1
965 0
966 1
967 0
968 1
969 0
970 2
971 1
972 0
973 1
974 0
975 1
976 2
977 0
978 1
979 0
980 1
981 0
982 1
983 2
984 0
985 1
986 2
987 0
988 1
989 2
990 0
991 2
992 0
993 1
994 0
995 2
996 1
997 2
998 0
999 1
1000 2
1001 0
1002 1
1003 0
1004 1
1005 0
1006 1
1007 0
1008 2
1009 1
1010 2
1011 0
1012 1
1013 0
1014 1
1015 0
1016 2
1017 0
1018 1
1019 2
1020 0
1021 2
1022 1
1023 0
1024 1
1025 0
1026 1
1027 0
1028 1
1029 0
1030 2
1031 1
1032 0
1033 1
1034 0
1035 1
1036 2
1037 0
1038 1
1039 0
1040 1
1041 0
1042 1
1043 0
1044 2
1045 1
1046 3
1047 2
1048 1
1049 0
1050 1
1051 2
1052 0
1053 1
1054 0
1055 1
1056 0
1057 2
1058 1
1059 0
1060 2
1061 0
1062 1
1063 0
1064 1
1065 0
1066 1
1067 0
1068 1
1069 2
1070 0
1071 2
1072 1
1073 2
1074 1
1075 0
1076 3
1077 2
1078 0
1079 1
1080 2
1081 0
1082 1
1083 0
1084 2
1085 1
1086 2
1087 0
1088 1
1089 0
1090 1
1091 0
1092 2
1093 1
1094 0
1095 1
1096 2
1097 0
1098 1
1099 0
1100 1
1101 0
1102 1
1103 2
1104 1
1105 2
1106 0
1107 2
1108 1
1109 0
1110 1
1111 0
1112 2
1113 1
1114 0
1115 1
1116 2
1117 0
1118 1
1119 2
1120 0
1121 1
1122 2
1123 0
1124 1
1125 0
1126 1
1127 0
1128 2
1129 0
1130 1
1131 0
1132 1
1133 0
1134 1
1135 0
1136 2
1137 1
1138 0
1139 1
1140 0
1141 1
1142 2
1143 0
1144 1
1145 0
1146 1
1147 0
1148 1
1149 0
1150 1
1151 0
1152 2
1153 1
1154 2
1155 0
1156 1
1157 2
1158 0
1159 1
1160 0
1161 1
1162 2
1163 0
1164 1
1165 2
1166 0
1167 1
1168 0
1169 1
1170 0
1171 1
1172 0
1173 1
1174 0
1175 1
1176 0
1177 1
1178 0
1179 2
1180 1
1181 0
1182 1
1183 0
1184 1
1185 0
1186 1
1187 0
1188 1
1189 2
1190 0
1191 1
1192 0
1193 1
1194 0
1195 1
1196 0
1197 2
1198 1
1199 0
1200 1
1201 0
1202 1
1203 2
1204 0
1205 1
1206 0
1207 1
1208 2
1209 0
1210 1
1211 2
1212 1
1213 2
1214 1
1215 0
1216 2
1217 1
1218 0
1219 1
1220 0
1221 1
1222 2
1223 0
1224 1
1225 2
1226 1
1227 0
1228 1
1229 0
1230 1
1231 2
1232 0
1233 1
1234 0
1235 1
1236 2
1237 0
1238 1
1239 2
1240 0
1241 1
1242 2
1243 0
1244 1
1245 0
1246 1
1247 0
1248 1
1249 0
1250 1
1251 0
1252 1
1253 0
1254 1
1255 0
1256 1
1257 2
1258 0
1259 2
1260 0
1261 2
1262 1
1263 2
1264 0
1265 1
1266 0
1267 1
1268 2
1269 0
1270 1
1271 2
1272 1
1273 0
1274 2
1275 1
1276 0
1277 1
1278 0
1279 1
1280 0
1281 1
1282 0
1283 1
1284 0
1285 2
1286 0
1287 1
1288 2
1289 1
1290 0
1291 1
1292 2
1293 0
1294 1
1295 0
1296 1
1297 0
1298 1
1299 2
1300 0
1301 1
1302 0
1303 1
1304 0
1305 1
1306 2
1307 0
1308 1
1309 0
1310 2
1311 0
1312 1
1313 2
1314 1
1315 2
1316 1
1317 2
1318 0
1319 2
1320 1
1321 0
1322 1
1323 2
1324 0
1325 2
1326 1
1327 2
1328 0
1329 2
1330 0
1331 1
1332 0
1333 1
1334 2
1335 0
1336 1
1337 0
1338 2
1339 1
1340 0
1341 1
1342 2
1343 0
1344 1
1345 0
1346 2
1347 1
1348 0
1349 1
1350 0
1351 2
1352 1
1353 2
1354 0
1355 1
1356 0
1357 1
1358 0
1359 1
1360 2
1361 0
1362 2
1363 1
1364 2
1365 0
1366 1
1367 0
1368 1
1369 0
1370 1
1371 0
1372 2
1373 1
1374 0
1375 1
1376 0
1377 1
1378 0
1379 2
1380 1
1381 0
1382 1
1383 0
1384 1
1385 2
1386 0
1387 2
1388 1
1389 0
1390 1
1391 0
1392 1
1393 0
1394 1
1395 0
1396 1
1397 0
1398 1
1399 0
1400 2
1401 1
1402 0
1403 1
1404 0
1405 2
1406 1
1407 0
1408 1
1409 2
1410 0
1411 1
1412 0
1413 1
1414 0
1415 1
1416 2
1417 1
1418 0
1419 1
1420 2
1421 1
1422 0
1423 1
1424 0
1425 1
1426 2
1427 0
1428 1
1429 2
1430 0
1431 1
1432 0
1433 1
1434 2
1435 0
1436 1
1437 2
1438 0
1439 1
1440 0
1441 1
1442 0
1443 2
1444 0
1445 1
1446 0
1447 1
1448 0
1449 1
1450 2
1451 0
1452 1
1453 0
1454 1
1455 0
1456 1
1457 0
1458 2
1459 1
1460 0
1461 2
1462 1
1463 0
1464 1
1465 0
1466 2
1467 1
1468 0
1469 2
1470 0
1471 1
1472 0
1473 1
1474 2
1475 0
1476 1
1477 2
1478 0
1479 1
1480 2
1481 0
1482 2
1483 1
1484 0
1485 1
1486 2
1487 0
1488 1
1489 0
1490 1
1491 0
1492 1
1493 2
1494 0
1495 2
1496 1
1497 0
1498 1
1499 0
1500 1
1501 0
1502 1
1503 0
1504 1
1505 0
1506 1
1507 0
1508 1
1509 0
1510 1
1511 0
1512 1
1513 2
1514 0
1515 1
1516 0
1517 1
1518 0
1519 2
1520 1
1521 2
1522 0
1523 1
1524 0
1525 1
1526 2
1527 0
1528 2
1529 1
1530 0
1531 1
1532 2
1533 0
1534 1
1535 0
1536 1
1537 0
1538 1
1539 0
1540 1
1541 0
1542 1
1543 0
1544 2
1545 1
1546 0
1547 2
1548 1
1549 0
1550 1
1551 2
1552 1
1553 0
1554 1
1555 2
1556 0
1557 1
1558 0
1559 2
1560 1
1561 2
1562 0
1563 1
1564 2
1565 0
1566 1
1567 0
1568 1
1569 2
1570 0
1571 1
1572 2
1573 1
1574 2
1575 0
1576 1
1577 0
1578 1
1579 0
1580 2
1581 1
1582 0
1583 2
1584 1
1585 2
1586 0
1587 2
1588 0
1589 2
1590 1
1591 0
1592 1
1593 2
1594 0
1595 1
1596 0
1597 1
1598 2
1599 0
1600 1
1601 2
1602 0
1603 1
1604 2
1605 0
1606 1
1607 0
1608 1
1609 0
1610 1
1611 2
1612 0
1613 1
1614 0
1615 2
1616 1
1617 0
1618 1
1619 0
1620 1
1621 0
1622 1
1623 0
1624 1
1625 2
1626 3
1627 0
1628 1
1629 0
1630 1
1631 0
1632 1
1633 0
1634 2
1635 1
1636 0
1637 1
1638 2
1639 0
1640 1
1641 0
1642 1
1643 2
1644 0
1645 2
1646 0
1647 1
1648 0
1649 1
1650 0
1651 2
1652 0
1653 1
1654 2
1655 1
1656 0
1657 1
1658 0
1659 1
1660 2
1661 0
1662 2
1663 1
1664 0
1665 2
1666 1
1667 2
1668 0
1669 1
1670 0
1671 1
1672 0
1673 1
1674 0
1675 1
1676 2
1677 0
1678 1
1679 2
1680 0
1681 2
1682 1
1683 2
1684 0
1685 1
1686 0
1687 1
1688 2
1689 0
1690 2
1691 1
1692 0
1693 1
1694 0
1695 1
1696 2
1697 1
1698 2
1699 0
1700 1
1701 2
1702 0
1703 2
1704 1
1705 0
1706 1
1707 0
1708 2
1709 1
1710 0
1711 1
1712 0
1713 1
1714 0
1715 1
1716 2
1717 0
1718 1
1719 0
1720 1
1721 0
1722 2
1723 1
1724 0
1725 1
1726 0
1727 1
1728 0
1729 1
1730 0
1731 1
1732 0
1733 1
1734 0
1735 1
1736 2
1737 0
1738 1
1739 2
1740 0
1741 1
1742 0
1743 2
1744 1
1745 2
1746 0
1747 1
1748 0
1749 1
1750 2
1751 0
1752 1
1753 2
1754 0
1755 1
1756 0
1757 1
1758 0
1759 1
1760 0
1761 1
1762 0
1763 1
1764 0
1765 2
1766 0
1767 1
1768 0
1769 2
1770 1
1771 0
1772 1
1773 0
1774 2
1775 1
1776 0
1777 2
1778 1
1779 0
1780 2
1781 1
1782 2
1783 0
1784 1
1785 0
1786 2
1787 0
1788 2
1789 1
1790 0
1791 1
1792 0
1793 1
1794 0
1795 1
1796 0
1797 1
1798 0
1799 2
1800 1
1801 2
1802 0
1803 1
1804 0
1805 2
1806 1
1807 0
1808 1
1809 0
1810 1
1811 0
1812 1
1813 0
1814 1
1815 2
1816 0
1817 1
1818 2
1819 1
1820 0
1821 1
1822 2
1823 0
1824 2
1825 0
1826 1
1827 0
1828 1
1829 0
1830 1
1831 0
1832 1
1833 2
1834 1
1835 0
1836 1
1837 0
1838 1
1839 2
1840 0
1841 1
1842 2
1843 0
1844 1
1845 0
1846 1
1847 2
1848 0
1849 2
1850 1
1851 2
1852 0
1853 2
1854 1
1855 0
1856 1
1857 2
1858 0
1859 1
1860 0
1861 1
1862 0
1863 1
1864 0
1865 1
1866 2
1867 0
1868 1
1869 0
1870 1
1871 2
1872 0
1873 1
1874 0
1875 1
1876 0
1877 2
1878 1
1879 0
1880 2
1881 0
1882 1
1883 0
1884 1
1885 0
1886 2
1887 1
1888 0
1889 1
1890 0
1891 1
1892 2
1893 1
1894 0
1895 1
1896 0
1897 1
1898 2
1899 1
1900 0
1901 1
1902 2
1903 0
1904 1
1905 0
1906 1
1907 0
1908 1
1909 0
1910 2
1911 1
1912 0
1913 1
1914 0
1915 1
1916 0
1917 1
1918 0
1919 1
1920 0
1921 1
1922 0
1923 1
1924 2
1925 0
1926 1
1927 0
1928 2
1929 0
1930 1
1931 2
1932 0
1933 1
1934 0
1935 2
1936 1
1937 2
1938 0
1939 1
1940 2
1941 0
1942 2
1943 1
1944 2
1945 1
1946 0
1947 2
1948 1
1949 0
1950 1
1951 0
1952 1
1953 0
1954 1
1955 0
1956 1
1957 2
1958 0
1959 1
1960 0
1961 1
1962 2
1963 0
1964 1
1965 0
1966 1
1967 0
1968 1
1969 0
1970 1
1971 2
1972 0
1973 1
1974 2
1975 1
1976 0
1977 1
1978 0
1979 1
1980 2
1981 1
1982 2
1983 1
1984 0
1985 1
1986 0
1987 2
1988 1
1989 0
1990 1
1991 0
1992 1
1993 0
1994 1
1995 2
1996 1
1997 0
1998 1
1999 0
2000 1
2001 0
2002 1
2003 0
2004 2
2005 0
2006 1
2007 2
2008 1
2009 0
2010 1
2011 0
2012 2
2013 1
2014 0
2015 1
2016 2
2017 1
2018 2
2019 1
2020 0
2021 1
2022 0
2023 2
2024 1
2025 0
2026 1
2027 2
2028 0
2029 1
2030 0
2031 2
2032 1
2033 0
2034 1
2035 2
2036 1
2037 0
2038 1
2039 0
2040 1
2041 0
2042 1
2043 2
2044 1
2045 0
2046 1
2047 2
2048 0
2049 2
2050 0
2051 1
2052 0
2053 1
2054 0
2055 2
2056 1
2057 0
2058 1
2059 0
2060 1
2061 0
2062 1
2063 2
2064 0
2065 1
2066 0
2067 2
2068 1
2069 2
2070 1
2071 0
2072 1
2073 2
2074 0
2075 1
2076 0
2077 2
2078 1
2079 0
2080 1
2081 2
2082 0
2083 2
2084 1
2085 0
2086 1
2087 0
2088 2
2089 1
2090 0
2091 1
2092 2
2093 0
2094 1
2095 0
2096 1
2097 0
2098 1
2099 2
2100 0
2101 1
2102 2
2103 0
2104 1
2105 0
2106 1
2107 0
2108 2
2109 1
2110 0
2111 2
2112 1
2113 0
2114 1
2115 0
2116 1
2117 0
2118 1
2119 0
2120 1
2121 0
2122 1
2123 0
2124 1
2125 2
2126 1
2127 2
2128 0
2129 1
2130 2
2131 0
2132 2
2133 1
2134 2
2135 0
2136 1
2137 2
2138 1
2139 2
2140 0
2141 1
2142 0
2143 2
2144 1
2145 2
2146 0
2147 2
2148 1
2149 2
2150 1
2151 2
2152 1
2153 0
2154 1
2155 0
2156 1
2157 0
2158 1
2159 0
2160 2
2161 1
2162 2
2163 0
2164 1
2165 0
2166 1
2167 0
2168 1
2169 0
2170 1
2171 2
2172 0
2173 1
2174 0
2175 1
2176 0
2177 1
2178 2
2179 0
2180 1
2181 0
2182 1
2183 0
2184 1
2185 0
2186 1
2187 0
2188 1
2189 0
2190 1
2191 0
2192 1
2193 0
2194 1
2195 2
2196 0
2197 1
2198 0
2199 1
2200 0
2201 1
2202 0
2203 1
2204 2
2205 0
2206 2
2207 1
2208 2
2209 0
2210 1
2211 0
2212 2
2213 1
2214 0
2215 1
2216 2
2217 0
2218 1
2219 0
2220 2
2221 1
2222 2
2223 1
2224 0
2225 2
2226 1
2227 0
2228 1
2229 2
2230 0
2231 1
2232 0
2233 1
2234 0
2235 2
2236 0
2237 2
2238 1
2239 0
2240 1
2241 0
2242 1
2243 0
2244 2
2245 1
2246 0
2247 1
2248 0
2249 1
2250 0
2251 1
2252 2
2253 1
2254 2
2255 0
2256 2
2257 1
2258 0
2259 1
2260 0
2261 1
2262 0
2263 1
2264 0
2265 1
2266 2
2267 0
2268 1
2269 0
2270 1
2271 0
2272 2
2273 1
2274 0
2275 1
2276 0
2277 1
2278 0
2279 1
2280 2
2281 1
2282 0
2283 2
2284 1
2285 0
2286 1
2287 0
2288 1
2289 2
2290 0
2291 2
2292 1
2293 0
2294 2
2295 1
2296 0
2297 1
2298 0
2299 2
2300 1
2301 0
2302 1
2303 0
2304 2
2305 1
2306 0
2307 2
2308 1
2309 0
2310 1
2311 0
2312 1
2313 2
2314 0
2315 1
2316 0
2317 1
2318 2
2319 0
2320 2
2321 0
2322 2
2323 1
2324 2
2325 0
2326 1
2327 0
2328 1
2329 2
2330 0
2331 2
2332 1
2333 0
2334 1
2335 0
2336 1
2337 2
2338 0
2339 3
2340 2
2341 0
2342 1
2343 0
2344 1
2345 2
2346 3
2347 0
2348 1
2349 0
2350 1
2351 2
2352 0
2353 1
2354 0
2355 1
2356 0
2357 1
2358 2
2359 0
2360 1
2361 2
2362 0
2363 1
2364 2
2365 1
2366 2
2367 0
2368 2
2369 1
2370 0
2371 1
2372 0
2373 2
2374 1
2375 0
2376 1
2377 0
2378 1
2379 0
2380 1
2381 0
2382 1
2383 0
2384 1
2385 0
2386 1
2387 0
2388 1
2389 0
2390 1
2391 2
2392 0
2393 1
2394 2
2395 0
2396 1
2397 0
2398 2
2399 1
2400 0
2401 1
2402 0
2403 1
2404 0
2405 2
2406 1
2407 0
2408 2
2409 1
2410 0
2411 1
2412 0
2413 1
2414 0
2415 1
2416 2
2417 0
2418 2
2419 1
2420 0
2421 2
2422 1
2423 2
2424 3
2425 1
2426 0
2427 1
2428 0
2429 2
2430 1
2431 0
2432 1
2433 2
2434 0
2435 2
2436 0
2437 2
2438 1
2439 2
2440 0
2441 1
2442 2
2443 1
2444 0
2445 1
2446 0
2447 1
2448 2
2449 0
2450 1
2451 2
2452 0
2453 1
2454 0
2455 1
2456 0
2457 1
2458 0
2459 1
2460 2
2461 0
2462 1
2463 0
2464 1
2465 0
2466 1
2467 2
2468 0
2469 2
2470 3
2471 1
2472 2
2473 0
2474 1
2475 2
2476 0
2477 1
2478 0
2479 2
2480 1
2481 2
2482 1
2483 0
2484 2
2485 1
2486 0
2487 1
2488 0
2489 1
2490 0
2491 2
2492 1
2493 0
2494 1
2495 0
2496 1
2497 0
2498 1
2499 0
2500 1
2501 0
2502 1
2503 0
2504 1
2505 2
2506 0
2507 1
2508 2
2509 0
2510 1
2511 0
2512 1
2513 0
2514 1
2515 0
2516 1
2517 0
2518 1
2519 0
2520 1
2521 0
2522 1
2523 0
2524 2
2525 0
2526 1
2527 0
2528 1
2529 0
2530 1
2531 2
2532 1
2533 0
2534 2
2535 1
2536 0
2537 2
2538 1
2539 0
2540 1
2541 0
2542 1
2543 0
2544 1
2545 0
2546 1
2547 0
2548 2
2549 1
2550 0
2551 1
2552 2
2553 0
2554 1
2555 0
2556 1
2557 2
2558 0
2559 2
2560 1
2561 0
2562 1
2563 0
2564 1
2565 0
2566 1
2567 2
2568 0
2569 2
2570 0
2571 1
2572 0
2573 1
2574 0
2575 1
2576 2
2577 0
2578 2
2579 0
2580 1
2581 2
2582 0
2583 2
2584 1
2585 0
2586 2
2587 1
2588 0
2589 1
2590 0
2591 1
2592 0
2593 1
2594 0
2595 1
2596 0
2597 1
2598 0
2599 1
2600 0
2601 2
2602 0
2603 2
2604 1
2605 2
2606 0
2607 1
2608 0
2609 1
2610 0
2611 1
2612 0
2613 1
2614 2
2615 0
2616 1
2617 0
2618 1
2619 0
2620 1
2621 2
2622 0
2623 1
2624 2
2625 0
2626 2
2627 1
2628 0
2629 2
2630 1
2631 0
2632 1
2633 0
2634 1
2635 0
2636 1
2637 2
2638 1
2639 0
2640 1
2641 0
2642 1
2643 0
2644 1
2645 2
2646 0
2647 1
2648 0
2649 1
2650 0
2651 1
2652 2
2653 0
2654 1
2655 0
2656 2
2657 0
2658 1
2659 2
2660 0
2661 1
2662 0
2663 1
2664 0
2665 1
2666 0
2667 1
2668 0
2669 1
2670 0
2671 1
2672 0
2673 1
2674 0
2675 1
2676 2
2677 0
2678 2
2679 1
2680 2
2681 0
2682 1
2683 0
2684 2
2685 1
2686 0
2687 1
2688 2
2689 0
2690 1
2691 2
2692 0
2693 2
2694 1
2695 0
2696 2
2697 1
2698 0
2699 1
2700 2
2701 1
2702 2
2703 0
2704 1
2705 0
2706 1
2707 0
2708 1
2709 0
2710 1
2711 0
2712 1
2713 0
2714 1
2715 0
2716 1
2717 0
2718 1
2719 0
2720 1
2721 0
2722 1
2723 0
2724 1
2725 0
2726 2
2727 1
2728 0
2729 1
2730 0
2731 1
2732 2
2733 1
2734 2
2735 0
2736 1
2737 2
2738 0
2739 2
2740 1
2741 2
2742 0
2743 2
2744 1
2745 0
2746 1
2747 0
2748 2
2749 3
2750 1
2751 0
2752 2
2753 1
2754 2
2755 0
2756 1
2757 0
2758 1
2759 0
2760 1
2761 2
2762 0
2763 2
2764 1
2765 0
2766 1
2767 2
2768 0
2769 2
2770 1
2771 0
2772 2
2773 1
2774 0
2775 2
2776 1
2777 2
2778 0
2779 2
2780 1
2781 0
2782 1
2783 0
2784 1
2785 0
2786 2
2787 1
2788 0
2789 2
2790 1
2791 0
2792 2
2793 1
2794 2
2795 0
2796 1
2797 2
2798 0
2799 1
2800 0
2801 1
2802 0
2803 2
2804 1
2805 0
2806 2
2807 0
2808 1
2809 2
2810 0
2811 1
2812 0
2813 1
2814 0
2815 1
2816 0
2817 1
2818 0
2819 1
2820 0
2821 1
2822 2
2823 0
2824 1
2825 0
2826 1
2827 2
2828 0
2829 1
2830 0
2831 2
2832 1
2833 0
2834 2
2835 1
2836 2
2837 0
2838 1
2839 2
2840 0
2841 1
2842 0
2843 1
2844 2
2845 1
2846 2
2847 0
2848 1
2849 0
2850 1
2851 0
2852 2
2853 3
2854 0
2855 1
2856 0
2857 1
2858 0
2859 1
2860 0
2861 1
2862 2
2863 0
2864 1
2865 0
2866 1
2867 0
2868 1
2869 0
2870 2
2871 1
2872 0
2873 1
2874 0
2875 1
2876 2
2877 1
2878 0
2879 1
2880 2
2881 0
2882 1
2883 0
2884 1
2885 0
2886 1
2887 0
2888 1
2889 0
2890 1
2891 0
2892 1
2893 0
2894 1
2895 0
2896 1
2897 0
2898 1
2899 0
2900 1
2901 0
2902 2
2903 1
2904 0
2905 2
2906 1
2907 2
2908 0
2909 2
2910 1
2911 0
2912 1
2913 0
2914 1
2915 0
2916 1
2917 0
2918 1
2919 2
2920 0
2921 1
2922 2
2923 0
2924 1
2925 0
2926 2
2927 0
2928 1
2929 2
2930 1
2931 0
2932 1
2933 2
2934 0
2935 1
2936 0
2937 1
2938 0
2939 1
2940 0
2941 1
2942 0
2943 2
2944 0
2945 1
2946 2
2947 0
2948 1
2949 2
2950 1
2951 0
2952 2
2953 1
2954 2
2955 0
2956 1
2957 2
2958 0
2959 2
2960 1
2961 2
2962 0
2963 1
2964 0
2965 1
2966 2
2967 0
2968 1
2969 0
2970 1
2971 0
2972 1
2973 0
2974 2
2975 1
2976 2
2977 0
2978 1
2979 0
2980 2
2981 0
2982 1
2983 0
2984 1
2985 2
2986 0
2987 1
2988 0
2989 1
2990 0
2991 2
2992 1
2993 0
2994 1
2995 0
2996 1
2997 0
2998 1
2999 0
3000 1
3001 2
3002 0
3003 1
3004 0
3005 1
3006 0
3007 1
3008 0
3009 2
3010 1
3011 2
3012 0
3013 2
3014 1
3015 2
3016 0
3017 2
3018 1
3019 0
3020 1
3021 0
3022 2
3023 0
3024 1
3025 0
3026 2
3027 1
3028 3
3029 0
3030 1
3031 2
3032 0
3033 1
3034 0
3035 1
3036 0
3037 1
3038 2
3039 0
3040 2
3041 1
3042 0
3043 2
3044 0
3045 1
3046 0
3047 1
3048 0
3049 2
3050 1
3051 2
3052 0
3053 1
3054 2
3055 1
3056 0
3057 1
3058 2
3059 1
3060 0
3061 1
3062 2
3063 1
3064 2
3065 0
3066 1
3067 0
3068 1
3069 0
3070 1
3071 2
3072 0
3073 2
3074 0
3075 2
3076 1
3077 2
3078 1
3079 0
3080 1
3081 0
3082 1
3083 2
3084 0
3085 1
3086 2
3087 0
3088 1
3089 2
3090 0
3091 1
3092 0
3093 1
3094 0
3095 1
3096 0
3097 1
3098 2
3099 0
3100 1
3101 2
3102 0
3103 3
3104 2
3105 0
3106 2
3107 0
3108 2
3109 1
3110 0
3111 1
3112 0
3113 1
3114 2
3115 0
3116 1
3117 0
3118 1
3119 2
3120 0
3121 2
3122 0
3123 2
3124 0
3125 1
3126 2
3127 1
3128 0
3129 1
3130 2
3131 0
3132 1
3133 0
3134 1
3135 0
3136 1
3137 2
3138 0
3139 1
3140 2
3141 0
3142 1
3143 0
3144 1
3145 0
3146 1
3147 0
3148 1
3149 2
3150 0
3151 2
3152 1
3153 2
3154 0
3155 1
3156 2
3157 0
3158 1
3159 0
3160 2
3161 1
3162 0
3163 1
3164 0
3165 2
3166 1
3167 0
3168 1
3169 2
3170 0
3171 1
3172 0
3173 2
3174 1
3175 2
3176 0
3177 1
3178 0
3179 1
3180 0
3181 1
3182 2
3183 1
3184 2
3185 0
3186 2
3187 1
3188 0
3189 1
3190 0
3191 1
3192 2
3193 0
3194 1
3195 2
3196 0
3197 1
3198 0
3199 1
3200 2
3201 0
3202 1
3203 0
3204 1
3205 0
3206 2
3207 0
3208 2
3209 1
3210 0
3211 1
3212 0
3213 2
3214 1
3215 0
3216 1
3217 2
3218 1
3219 0
3220 2
3221 1
3222 0
3223 1
3224 2
3225 0
3226 1
3227 2
3228 0
3229 1
3230 0
3231 1
3232 0
3233 1
3234 0
3235 1
3236 0
3237 1
3238 0
3239 1
3240 0
3241 1
3242 0
3243 1
3244 0
3245 1
3246 0
3247 1
3248 0
3249 2
3250 0
3251 1
3252 0
3253 1
3254 2
3255 0
3256 1
3257 0
3258 1
3259 0
3260 2
3261 1
3262 0
3263 1
3264 0
3265 2
3266 1
3267 0
3268 1
3269 0
3270 1
3271 0
3272 1
3273 0
3274 1
3275 2
3276 1
3277 2
3278 0
3279 1
3280 2
3281 0
3282 1
3283 0
3284 1
3285 0
3286 1
3287 0
3288 1
3289 2
3290 1
3291 2
3292 0
3293 1
3294 0
3295 1
3296 0
3297 1
3298 0
3299 1
3300 0
3301 1
3302 0
3303 1
3304 0
3305 1
3306 0
3307 2
3308 1
3309 2
3310 1
3311 2
3312 1
3313 2
3314 0
3315 1
3316 0
3317 2
3318 1
3319 0
3320 1
3321 2
3322 1
3323 0
3324 1
3325 0
3326 1
3327 0
3328 1
3329 2
3330 1
3331 0
3332 2
3333 1
3334 2
3335 0
3336 1
3337 0
3338 1
3339 0
3340 1
3341 0
3342 1
3343 0
3344 2
3345 1
3346 2
3347 0
3348 2
3349 1
3350 0
3351 1
3352 0
3353 1
3354 0
3355 1
3356 0
3357 1
3358 0
3359 1
3360 2
3361 1
3362 0
3363 1
3364 2
3365 0
3366 1
3367 2
3368 3
3369 1
3370 2
3371 0
3372 1
3373 0
3374 1
3375 2
3376 0
3377 2
3378 1
3379 0
3380 1
3381 0
3382 1
3383 0
3384 1
3385 0
3386 1
3387 0
3388 2
3389 1
3390 2
3391 0
3392 2
3393 1
3394 0
3395 2
3396 1
3397 0
3398 2
3399 1
3400 2
3401 0
3402 1
3403 2
3404 0
3405 1
3406 0
3407 1
3408 0
3409 1
3410 2
3411 0
3412 2
3413 0
3414 1
3415 0
3416 1
3417 0
3418 2
3419 1
3420 0
3421 1
3422 0
3423 1
3424 2
3425 1
3426 0
3427 2
3428 1
3429 2
3430 0
3431 1
3432 0
3433 1
3434 2
3435 0
3436 1
3437 2
3438 0
3439 1
3440 2
3441 0
3442 1
3443 0
3444 1
3445 0
3446 1
3447 0
3448 1
3449 0
3450 1
3451 0
3452 1
3453 0
3454 2
3455 0
3456 1
3457 2
3458 1
3459 2
3460 0
3461 1
3462 2
3463 0
3464 1
3465 0
3466 1
3467 0
3468 2
3469 1
3470 0
3471 1
3472 0
3473 1
3474 0
3475 1
3476 0
3477 1
3478 0
3479 1
3480 0
3481 1
3482 0
3483 1
3484 2
3485 0
3486 1
3487 0
3488 1
3489 0
3490 1
3491 0
3492 1
3493 0
3494 1
3495 0
3496 1
3497 0
3498 1
3499 0
3500 1
3501 0
3502 1
3503 2
3504 0
3505 1
3506 0
3507 1
3508 0
3509 1
3510 0
3511 1
3512 2
3513 0
3514 1
3515 0
3516 1
3517 0
3518 1
3519 0
3520 1
3521 0
3522 1
3523 2
3524 0
3525 1
3526 0
3527 1
3528 0
3529 2
3530 1
3531 0
3532 1
3533 2
3534 0
3535 1
3536 0
3537 1
3538 2
3539 0
3540 1
3541 0
3542 1
3543 0
3544 2
3545 1
3546 0
3547 2
3548 1
3549 2
3550 0
3551 1
3552 0
3553 1
3554 0
3555 1
3556 0
3557 2
3558 1
3559 0
3560 1
3561 2
3562 0
3563 1
3564 0
3565 1
3566 2
3567 1
3568 0
3569 2
3570 1
3571 0
3572 2
3573 1
3574 2
3575 0
3576 1
3577 0
3578 1
3579 2
3580 0
3581 1
3582 2
3583 0
3584 1
3585 2
3586 0
3587 2
3588 1
3589 2
3590 0
3591 1
3592 0
3593 2
3594 1
3595 2
3596 1
3597 0
3598 1
3599 0
3600 1
3601 0
3602 2
3603 0
3604 1
3605 0
3606 1
3607 2
3608 0
3609 1
3610 0
3611 2
3612 1
3613 0
3614 1
3615 0
3616 1
3617 0
3618 2
3619 1
3620 0
3621 1
3622 2
3623 0
3624 1
3625 0
3626 1
3627 0
3628 1
3629 0
3630 1
3631 0
3632 2
3633 1
3634 2
3635 0
3636 2
3637 1
3638 0
3639 2
3640 1
3641 0
3642 1
3643 0
3644 1
3645 0
3646 1
3647 2
3648 0
3649 1
3650 0
3651 1
3652 0
3653 2
3654 1
3655 2
3656 0
3657 1
3658 2
3659 0
3660 1
3661 2
3662 0
3663 1
3664 0
3665 2
3666 1
3667 0
3668 1
3669 0
3670 1
3671 0
3672 1
3673 0
3674 1
3675 0
3676 2
3677 1
3678 0
3679 1
3680 2
3681 1
3682 0
3683 1
3684 0
3685 1
3686 2
3687 0
3688 2
3689 0
3690 1
3691 2
3692 0
3693 1
3694 0
3695 1
3696 2
3697 1
3698 0
3699 1
3700 0
3701 1
3702 0
3703 1
3704 2
3705 0
3706 2
3707 0
3708 1
3709 0
3710 1
3711 0
3712 2
3713 1
3714 0
3715 1
3716 0
3717 1
3718 0
3719 1
3720 2
3721 0
3722 1
3723 0
3724 1
3725 2
3726 0
3727 1
3728 0
3729 1
3730 0
3731 2
3732 0
3733 2
3734 1
3735 0
3736 1
3737 0
3738 1
3739 0
3740 1
3741 0
3742 1
3743 0
3744 1
3745 0
3746 2
3747 1
3748 0
3749 1
3750 0
3751 1
3752 2
3753 0
3754 1
3755 0
3756 1
3757 0
3758 1
3759 0
3760 1
3761 0
3762 1
3763 0
3764 1
3765 2
3766 0
3767 2
3768 1
3769 2
3770 0
3771 1
3772 0
3773 1
3774 0
3775 1
3776 0
3777 1
3778 0
3779 1
3780 2
3781 0
3782 2
3783 1
3784 2
3785 0
3786 1
3787 0
3788 2
3789 0
3790 1
3791 0
3792 1
3793 0
3794 2
3795 1
3796 0
3797 2
3798 1
3799 2
3800 0
3801 2
3802 1
3803 2
3804 0
3805 1
3806 0
3807 2
3808 0
3809 2
3810 1
3811 0
3812 2
3813 1
3814 0
3815 1
3816 2
3817 0
3818 1
3819 0
3820 1
3821 0
3822 2
3823 1
3824 0
3825 2
3826 1
3827 0
3828 2
3829 1
3830 0
3831 1
3832 2
3833 0
3834 2
3835 1
3836 0
3837 2
3838 1
3839 0
3840 1
3841 2
3842 1
3843 0
3844 1
3845 2
3846 0
3847 1
3848 0
3849 1
3850 0
3851 1
3852 2
3853 0
3854 1
3855 0
3856 1
3857 0
3858 1
3859 0
3860 2
3861 0
3862 1
3863 0
3864 2
3865 1
3866 0
3867 1
3868 0
3869 1
3870 2
3871 0
3872 1
3873 2
3874 0
3875 1
3876 0
3877 1
3878 0
3879 1
3880 2
3881 0
3882 2
3883 1
3884 0
3885 1
3886 0
3887 1
3888 2
3889 0
3890 1
3891 0
3892 1
3893 0
3894 1
3895 0
3896 1
3897 0
3898 1
3899 0
3900 1
3901 2
3902 0
3903 1
3904 2
3905 0
3906 2
3907 1
3908 0
3909 1
3910 2
3911 1
3912 0
3913 1
3914 0
3915 1
3916 0
3917 2
3918 1
3919 0
3920 1
3921 0
3922 2
3923 1
3924 2
3925 0
3926 1
3927 0
3928 1
3929 0
3930 1
3931 0
3932 1
3933 0
3934 1
3935 0
3936 1
3937 0
3938 1
3939 2
3940 1
3941 0
3942 2
3943 1
3944 2
3945 3
3946 0
3947 1
3948 2
3949 0
3950 1
3951 0
3952 1
3953 0
3954 1
3955 0
3956 1
3957 0
3958 1
3959 0
3960 1
3961 0
3962 1
3963 0
3964 1
3965 0
3966 1
3967 2
3968 0
3969 1
3970 0
3971 1
3972 0
3973 2
3974 1
3975 0
3976 1
3977 2
3978 0
3979 1
3980 2
3981 0
3982 1
3983 2
3984 1
3985 2
3986 0
3987 1
3988 0
3989 2
3990 1
3991 3
3992 2
3993 0
3994 1
3995 0
3996 1
3997 2
3998 0
3999 2
4000 1
4001 0
4002 1
4003 0
4004 2
4005 1
4006 2
4007 0
4008 1
4009 0
4010 1
4011 0
4012 2
4013 1
4014 0
4015 2
4016 1
4017 0
4018 1
4019 0
4020 2
4021 1
4022 2
4023 0
4024 1
4025 0
4026 1
4027 0
4028 2
4029 1
4030 0
4031 1
4032 0
4033 1
4034 2
4035 1
4036 2
4037 1
4038 2
4039 1
4040 0
4041 2
4042 0
4043 2
4044 1
4045 0
4046 1
4047 0
4048 1
4049 0
4050 1
4051 2
4052 0
4053 1
4054 2
4055 0
4056 1
4057 0
4058 2
4059 1
4060 2
4061 0
4062 1
4063 0
4064 1
4065 2
4066 1
4067 0
4068 1
4069 0
4070 1
4071 2
4072 0
4073 2
4074 1
4075 0
4076 1
4077 2
4078 0
4079 1
4080 0
4081 1
4082 0
4083 1
4084 0
4085 1
4086 0
4087 2
4088 1
4089 2
4090 3
4091 0
4092 2
4093 0
4094 2
4095 0
4096 1
4097 0
4098 1
4099 0
4100 1
4101 0
4102 1
4103 0
4104 1
4105 0
4106 1
4107 0
4108 1
4109 0
4110 1
4111 2
4112 0
4113 2
4114 1
4115 2
4116 0
4117 1
4118 0
4119 1
4120 0
4121 1
4122 0
4123 1
4124 2
4125 0
4126 1
4127 0
4128 1
4129 0
4130 1
4131 0
4132 1
4133 0
4134 1
4135 0
4136 2
4137 0
4138 2
4139 1
4140 0
4141 1
4142 2
4143 0
4144 2
4145 1
4146 2
4147 0
4148 1
4149 2
4150 0
4151 1
4152 0
4153 1
4154 0
4155 1
4156 2
4157 0
4158 1
4159 0
4160 1
4161 0
4162 1
4163 0
4164 1
4165 2
4166 0
4167 2
4168 1
4169 2
4170 0
4171 1
4172 0
4173 1
4174 2
4175 0
4176 2
4177 1
4178 2
4179 0
4180 2
4181 0
4182 1
4183 0
4184 1
4185 0
4186 1
4187 2
4188 0
4189 1
4190 0
4191 1
4192 2
4193 1
4194 0
4195 1
4196 0
4197 2
4198 1
4199 0
4200 1
4201 0
4202 1
4203 0
4204 1
4205 0
4206 1
4207 0
4208 2
4209 1
4210 0
4211 1
4212 2
4213 0
4214 1
4215 0
4216 1
4217 0
4218 1
4219 2
4220 0
4221 1
4222 0
4223 2
4224 1
4225 0
4226 2
4227 1
4228 0
4229 2
4230 1
4231 2
4232 0
4233 1
4234 0
4235 1
4236 2
4237 0
4238 2
4239 0
4240 2
4241 0
4242 1
4243 0
4244 1
4245 0
4246 1
4247 2
4248 1
4249 2
4250 0
4251 2
4252 1
4253 2
4254 1
4255 2
4256 0
4257 1
4258 2
4259 0
4260 1
4261 2
4262 0
4263 2
4264 1
4265 2
4266 0
4267 2
4268 1
4269 0
4270 1
4271 2
4272 0
4273 1
4274 2
4275 0
4276 1
4277 2
4278 0
4279 2
4280 3
4281 0
4282 1
4283 0
4284 2
4285 1
4286 2
4287 1
4288 2
4289 0
4290 1
4291 0
4292 1
4293 0
4294 2
4295 1
4296 0
4297 2
4298 1
4299 0
4300 1
4301 0
4302 1
4303 2
4304 0
4305 1
4306 0
4307 1
4308 0
4309 2
4310 1
4311 2
4312 0
4313 1
4314 0
4315 1
4316 0
4317 1
4318 0
4319 1
4320 0
4321 2
4322 0
4323 1
4324 0
4325 1
4326 0
4327 1
4328 2
4329 0
4330 2
4331 1
4332 2
4333 0
4334 1
4335 2
4336 1
4337 0
4338 1
4339 0
4340 1
4341 0
4342 1
4343 0
4344 2
4345 0
4346 1
4347 2
4348 1
4349 0
4350 2
4351 1
4352 0
4353 1
4354 2
4355 0
4356 1
4357 2
4358 0
4359 1
4360 0
4361 1
4362 2
4363 0
4364 1
4365 2
4366 0
4367 1
4368 0
4369 1
4370 0
4371 1
4372 2
4373 3
4374 0
4375 1
4376 2
4377 0
4378 1
4379 0
4380 1
4381 2
4382 1
4383 0
4384 1
4385 0
4386 1
4387 0
4388 2
4389 0
4390 2
4391 0
4392 1
4393 0
4394 2
4395 1
4396 2
4397 0
4398 1
4399 2
4400 1
4401 0
4402 1
4403 2
4404 1
4405 0
4406 2
4407 1
4408 2
4409 0
4410 1
4411 3
4412 0
4413 1
4414 2
4415 1
4416 0
4417 2
4418 1
4419 2
4420 0
4421 2
4422 1
4423 0
4424 1
4425 0
4426 1
4427 0
4428 1
4429 0
4430 1
4431 0
4432 1
4433 0
4434 1
4435 0
4436 1
4437 2
4438 0
4439 1
4440 0
4441 1
4442 2
4443 0
4444 2
4445 1
4446 2
4447 0
4448 1
4449 2
4450 0
4451 1
4452 0
4453 1
4454 0
4455 1
4456 2
4457 0
4458 1
4459 2
4460 0
4461 1
4462 0
4463 1
4464 0
4465 1
4466 2
4467 1
4468 2
4469 1
4470 2
4471 1
4472 0
4473 1
4474 2
4475 0
4476 1
4477 2
4478 0
4479 2
4480 1
4481 2
4482 1
4483 0
4484 1
4485 0
4486 2
4487 1
4488 2
4489 0
4490 1
4491 0
4492 1
4493 0
4494 1
4495 0
4496 1
4497 3
4498 2
4499 1
4500 2
4501 0
4502 1
4503 0
4504 1
4505 0
4506 1
4507 0
4508 1
4509 0
4510 1
4511 3
4512 2
4513 1
4514 0
4515 2
4516 1
4517 0
4518 2
4519 1
4520 2
4521 0
4522 2
4523 1
4524 2
4525 0
4526 2
4527 1
4528 0
4529 2
4530 1
4531 0
4532 1
4533 0
4534 2
4535 0
4536 1
4537 0
4538 1
4539 2
4540 0
4541 1
4542 2
4543 0
4544 2
4545 0
4546 1
4547 0
4548 1
4549 2
4550 0
4551 2
4552 1
4553 0
4554 1
4555 2
4556 0
4557 1
4558 2
4559 0
4560 1
4561 0
4562 1
4563 0
4564 2
4565 1
4566 0
4567 1
4568 2
4569 0
4570 2
4571 1
4572 2
4573 0
4574 1
4575 0
4576 1
4577 2
4578 0
4579 1
4580 2
4581 0
4582 1
4583 0
4584 1
4585 2
4586 0
4587 2
4588 1
4589 2
4590 0
4591 1
4592 0
4593 1
4594 0
4595 1
4596 0
4597 1
4598 0
4599 1
4600 2
4601 1
4602 0
4603 1
4604 0
4605 1
4606 0
4607 1
4608 2
4609 0
4610 1
4611 2
4612 0
4613 2
4614 1
4615 2
4616 0
4617 1
4618 0
4619 1
4620 0
4621 1
4622 0
4623 2
4624 1
4625 0
4626 2
4627 1
4628 0
4629 1
4630 0
4631 1
4632 2
4633 1
4634 2
4635 1
4636 2
4637 1
4638 2
4639 1
4640 0
4641 1
4642 2
4643 0
4644 2
4645 0
4646 1
4647 0
4648 1
4649 0
4650 1
4651 0
4652 1
4653 2
4654 1
4655 0
4656 2
4657 1
4658 0
4659 1
4660 2
4661 0
4662 1
4663 0
4664 1
4665 0
4666 1
4667 0
4668 1
4669 2
4670 0
4671 1
4672 0
4673 1
4674 0
4675 1
4676 2
4677 0
4678 1
4679 0
4680 1
4681 0
4682 1
4683 2
4684 0
4685 2
4686 1
4687 0
4688 2
4689 1
4690 0
4691 1
4692 2
4693 0
4694 2
4695 1
4696 0
4697 1
4698 0
4699 2
4700 1
4701 0
4702 2
4703 1
4704 2
4705 0
4706 1
4707 0
4708 1
4709 0
4710 1
4711 2
4712 0
4713 2
4714 1
4715 0
4716 1
4717 0
4718 1
4719 2
4720 0
4721 1
4722 0
4723 1
4724 0
4725 2
4726 1
4727 0
4728 1
4729 2
4730 1
4731 0
4732 1
4733 0
4734 1
4735 0
4736 1
4737 2
4738 0
4739 1
4740 0
4741 1
4742 0
4743 3
4744 2
4745 1
4746 0
4747 1
4748 0
4749 1
4750 2
4751 0
4752 1
4753 0
4754 1
4755 0
4756 1
4757 0
4758 2
4759 0
4760 1
4761 2
4762 0
4763 2
4764 1
4765 0
4766 1
4767 2
4768 0
4769 1
4770 2
4771 0
4772 2
4773 1
4774 2
4775 0
4776 2
4777 1
4778 0
4779 1
4780 2
4781 0
4782 1
4783 2
4784 0
4785 1
4786 2
4787 1
4788 0
4789 1
4790 0
4791 1
4792 0
4793 2
4794 1
4795 0
4796 2
4797 1
4798 0
4799 1
4800 0
4801 2
4802 1
4803 0
4804 1
4805 2
4806 0
4807 1
4808 2
4809 0
4810 1
4811 0
4812 2
4813 1
4814 0
4815 1
4816 0
4817 1
4818 2
4819 0
4820 2
4821 0
4822 2
4823 1
4824 0
4825 1
4826 2
4827 0
4828 1
4829 0
4830 2
4831 1
4832 2
4833 0
4834 1
4835 0
4836 1
4837 2
4838 0
4839 2
4840 1
4841 2
4842 0
4843 1
4844 2
4845 0
4846 2
4847 1
4848 0
4849 2
4850 1
4851 0
4852 1
4853 0
4854 1
4855 2
4856 0
4857 1
4858 2
4859 0
4860 1
4861 0
4862 2
4863 1
4864 0
4865 1
4866 0
4867 1
4868 0
4869 1
4870 2
4871 0
4872 1
4873 0
4874 1
4875 0
4876 1
4877 2
4878 0
4879 1
4880 2
4881 0
4882 2
4883 0
4884 1
4885 0
4886 1
4887 2
4888 0
4889 1
4890 2
4891 0
4892 1
4893 0
4894 2
4895 1
4896 0
4897 1
4898 0
4899 1
4900 0
4901 2
4902 1
4903 2
4904 1
4905 0
4906 1
4907 2
4908 3
4909 1
4910 0
4911 1
4912 2
4913 0
4914 2
4915 0
4916 1
4917 0
4918 1
4919 0
4920 1
4921 2
4922 1
4923 0
4924 2
4925 1
4926 0
4927 1
4928 0
4929 1
4930 0
4931 2
4932 1
4933 2
4934 1
4935 0
4936 1
4937 0
4938 1
4939 2
4940 0
4941 1
4942 0
4943 2
4944 1
4945 0
4946 2
4947 1
4948 2
4949 0
4950 2
4951 1
4952 0
4953 1
4954 0
4955 1
4956 0
4957 2
4958 1
4959 2
4960 3
4961 0
4962 1
4963 0
4964 2
4965 1
4966 0
4967 1
4968 2
4969 1
4970 0
4971 1
4972 2
4973 0
4974 1
4975 0
4976 1
4977 0
4978 1
4979 0
4980 1
4981 2
4982 0
4983 2
4984 1
4985 2
4986 0
4987 1
4988 0
4989 1
4990 2
4991 0
4992 1
4993 2
4994 1
4995 0
4996 1
4997 0
4998 2
4999 1
5000 2
5001 0
5002 2
5003 1
5004 0
5005 1
5006 0
5007 1
5008 0
5009 1
5010 0
5011 1
5012 2
5013 0
5014 1
5015 0
5016 2
5017 0
5018 1
5019 0
5020 1
5021 0
5022 2
5023 1
5024 2
5025 1
5026 0
5027 1
5028 0
5029 1
5030 0
5031 1
5032 0
5033 1
5034 0
5035 1
5036 0
5037 1
5038 0
5039 1
5040 0
5041 1
5042 2
5043 1
5044 2
5045 0
5046 2
5047 0
5048 1
5049 0
5050 1
5051 2
5052 1
5053 0
5054 2
5055 1
5056 0
5057 1
5058 0
5059 1
5060 0
5061 2
5062 1
5063 2
5064 0
5065 1
5066 2
5067 0
5068 1
5069 2
5070 0
5071 1
5072 2
5073 0
5074 1
5075 0
5076 2
5077 1
5078 0
5079 1
5080 0
5081 1
5082 0
5083 1
5084 0
5085 1
5086 2
5087 0
5088 1
5089 0
5090 1
5091 2
5092 1
5093 2
5094 0
5095 1
5096 2
5097 1
5098 0
5099 1
5100 2
5101 0
5102 2
5103 1
5104 0
5105 1
5106 0
5107 1
5108 0
5109 1
5110 0
5111 1
5112 2
5113 0
5114 1
5115 0
5116 1
5117 0
5118 2
5119 0
5120 1
5121 0
5122 2
5123 1
5124 0
5125 1
5126 0
5127 1
5128 2
5129 0
5130 1
5131 0
5132 1
5133 2
5134 0
5135 2
5136 1
5137 0
5138 1
5139 0
5140 1
5141 0
5142 2
5143 0
5144 1
5145 0
5146 1
5147 0
5148 2
5149 1
5150 2
5151 0
5152 1
5153 2
5154 1
5155 0
5156 1
5157 0
5158 2
5159 1
5160 2
5161 0
5162 1
5163 0
5164 1
5165 0
5166 1
5167 0
5168 2
5169 1
5170 0
5171 2
5172 0
5173 2
5174 1
5175 2
5176 1
5177 2
5178 0
5179 1
5180 0
5181 1
5182 2
5183 0
5184 1
5185 0
5186 2
5187 1
5188 0
5189 1
5190 2
5191 0
5192 2
5193 1
5194 0
5195 1
5196 0
5197 2
5198 1
5199 0
5200 2
5201 1
5202 0
5203 2
5204 0
5205 2
5206 1
5207 2
5208 0
5209 1
5210 0
5211 1
5212 0
5213 1
5214 0
5215 1
5216 0
5217 2
5218 1
5219 2
5220 0
5221 1
5222 0
5223 1
5224 0
5225 2
5226 0
5227 1
5228 0
5229 1
5230 0
5231 1
5232 2
5233 0
5234 1
5235 0
5236 2
5237 0
5238 1
5239 0
5240 2
5241 1
5242 2
5243 0
5244 2
5245 1
5246 0
5247 2
5248 1
5249 2
5250 0
5251 1
5252 0
5253 1
5254 2
5255 0
5256 2
5257 1
5258 0
5259 1
5260 0
5261 1
5262 2
5263 0
5264 1
5265 0
5266 1
5267 0
5268 1
5269 0
5270 1
5271 0
5272 1
5273 0
5274 1
5275 0
5276 2
5277 1
5278 0
5279 1
5280 0
5281 1
5282 0
5283 1
5284 2
5285 0
5286 1
5287 0
5288 1
5289 2
5290 0
5291 2
5292 1
5293 2
5294 1
5295 2
5296 0
5297 1
5298 0
5299 1
5300 2
5301 0
5302 2
5303 0
5304 1
5305 0
5306 2
5307 1
5308 0
5309 1
5310 0
5311 1
5312 0
5313 1
5314 0
5315 1
5316 0
5317 1
5318 0
5319 1
5320 0
5321 1
5322 0
5323 1
5324 2
5325 0
5326 2
5327 0
5328 1
5329 2
5330 1
5331 2
5332 0
5333 1
5334 0
5335 1
5336 0
5337 1
5338 2
5339 0
5340 1
5341 0
5342 2
5343 1
5344 0
5345 1
5346 2
5347 0
5348 1
5349 0
5350 1
5351 0
5352 1
5353 0
5354 2
5355 1
5356 0
5357 1
5358 0
5359 1
5360 0
5361 1
5362 0
5363 1
5364 0
5365 1
5366 0
5367 1
5368 2
5369 1
5370 0
5371 2
5372 1
5373 2
5374 0
5375 1
5376 0
5377 1
5378 0
5379 1
5380 0
5381 2
5382 0
5383 1
5384 0
5385 1
5386 2
5387 0
5388 1
5389 0
5390 1
5391 0
5392 2
5393 1
5394 0
5395 1
5396 0
5397 1
5398 0
5399 1
5400 0
5401 2
5402 0
5403 2
5404 0
5405 1
5406 0
5407 1
5408 0
5409 1
5410 0
5411 1
5412 2
5413 1
5414 2
5415 0
5416 1
5417 2
5418 1
5419 0
5420 1
5421 0
5422 1
5423 2
5424 0
5425 1
5426 2
5427 0
5428 1
5429 0
5430 1
5431 0
5432 2
5433 1
5434 0
5435 1
5436 0
5437 1
5438 0
5439 1
5440 2
5441 0
5442 1
5443 0
5444 1
5445 0
5446 1
5447 2
5448 0
5449 1
5450 2
5451 1
5452 2
5453 0
5454 2
5455 1
5456 0
5457 2
5458 1
5459 2
5460 0
5461 1
5462 0
5463 1
5464 0
5465 1
5466 0
5467 2
5468 1
5469 2
5470 0
5471 1
5472 0
5473 1
5474 0
5475 1
5476 0
5477 1
5478 2
5479 1
5480 0
5481 1
5482 0
5483 1
5484 0
5485 1
5486 0
5487 1
5488 0
5489 2
5490 1
5491 2
5492 0
5493 1
5494 0
5495 1
5496 0
5497 1
5498 0
5499 2
5500 0
5501 1
5502 0
5503 1
5504 2
5505 0
5506 1
5507 0
5508 1
5509 0
5510 1
5511 0
5512 1
5513 2
5514 0
5515 1
5516 2
5517 0
5518 1
5519 0
5520 2
5521 1
5522 0
5523 2
5524 0
5525 1
5526 0
5527 1
5528 2
5529 0
5530 1
5531 0
5532 2
5533 1
5534 2
5535 0
5536 2
5537 0
5538 2
5539 1
5540 0
5541 2
5542 1
5543 2
5544 0
5545 1
5546 0
5547 1
5548 2
5549 1
5550 0
5551 1
5552 2
5553 0
5554 1
5555 0
5556 1
5557 2
5558 1
5559 2
5560 0
5561 1
5562 0
5563 1
5564 0
5565 1
5566 2
5567 0
5568 2
5569 1
5570 2
5571 0
5572 3
5573 2
5574 1
5575 0
5576 1
5577 0
5578 1
5579 0
5580 1
5581 2
5582 0
5583 1
5584 2
5585 0
5586 1
5587 0
5588 1
5589 0
5590 1
5591 2
5592 0
5593 1
5594 0
5595 1
5596 2
5597 0
5598 2
5599 0
5600 2
5601 0
5602 2
5603 1
5604 2
5605 1
5606 2
5607 1
5608 0
5609 1
5610 0
5611 1
5612 2
5613 0
5614 1
5615 0
5616 2
5617 0
5618 1
5619 0
5620 2
5621 1
5622 0
5623 1
5624 0
5625 2
5626 1
5627 0
5628 1
5629 0
5630 1
5631 2
5632 1
5633 0
5634 2
5635 0
5636 1
5637 0
5638 1
5639 2
5640 0
5641 1
5642 2
5643 1
5644 0
5645 1
5646 0
5647 1
5648 2
5649 0
5650 2
5651 1
5652 0
5653 1
5654 0
5655 2
5656 1
5657 0
5658 1
5659 0
5660 1
5661 0
5662 1
5663 0
5664 1
5665 2
5666 0
5667 2
5668 1
5669 2
5670 0
5671 1
5672 0
5673 1
5674 0
5675 2
5676 0
5677 1
5678 0
5679 2
5680 0
5681 1
5682 0
5683 1
5684 0
5685 1
5686 0
5687 2
5688 1
5689 3
5690 2
5691 0
5692 1
5693 0
5694 1
5695 2
5696 0
5697 2
5698 1
5699 2
5700 0
5701 1
5702 0
5703 1
5704 0
5705 1
5706 0
5707 2
5708 0
5709 1
5710 2
5711 0
5712 1
5713 2
5714 0
5715 2
5716 0
5717 1
5718 0
5719 1
5720 0
5721 1
5722 0
5723 1
5724 0
5725 1
5726 0
5727 1
5728 0
5729 2
5730 1
5731 2
5732 0
5733 1
5734 0
5735 1
5736 0
5737 1
5738 2
5739 0
5740 1
5741 2
5742 0
5743 1
5744 0
5745 1
5746 2
5747 0
5748 1
5749 0
5750 1
5751 2
5752 1
5753 0
5754 2
5755 0
5756 1
5757 0
5758 1
5759 0
5760 2
5761 1
5762 2
5763 0
5764 1
5765 2
5766 0
5767 1
5768 0
5769 1
5770 0
5771 1
5772 0
5773 1
5774 0
5775 2
5776 1
5777 2
5778 0
5779 1
5780 2
5781 0
5782 1
5783 0
5784 1
5785 0
5786 1
5787 0
5788 1
5789 0
5790 1
5791 0
5792 2
5793 1
5794 2
5795 0
5796 1
5797 0
5798 1
5799 0
5800 1
5801 2
5802 0
5803 1
5804 2
5805 0
5806 2
5807 1
5808 0
5809 2
5810 1
5811 0
5812 1
5813 0
5814 1
5815 0
5816 1
5817 0
5818 1
5819 0
5820 1
5821 2
5822 0
5823 1
5824 2
5825 1
5826 0
5827 1
5828 0
5829 1
5830 0
5831 1
5832 0
5833 1
5834 2
5835 0
5836 1
5837 0
5838 1
5839 0
5840 1
5841 0
5842 1
5843 0
5844 1
5845 2
5846 0
5847 2
5848 1
5849 0
5850 1
5851 2
5852 0
5853 1
5854 2
5855 0
5856 2
5857 1
5858 0
5859 2
5860 1
5861 0
5862 1
5863 2
5864 0
5865 2
5866 1
5867 0
5868 1
5869 0
5870 1
5871 0
5872 1
5873 2
5874 1
5875 0
5876 1
5877 2
5878 0
5879 2
5880 1
5881 2
5882 0
5883 1
5884 0
5885 1
5886 0
5887 1
5888 0
5889 2
5890 1
5891 0
5892 1
5893 2
5894 0
5895 2
5896 1
5897 2
5898 0
5899 2
5900 1
5901 0
5902 1
5903 0
5904 1
5905 2
5906 0
5907 1
5908 0
5909 1
5910 2
5911 1
5912 0
5913 2
5914 1
5915 0
5916 1
5917 2
5918 0
5919 1
5920 2
5921 0
5922 1
5923 2
5924 0
5925 1
5926 2
5927 0
5928 1
5929 2
5930 0
5931 1
5932 2
5933 0
5934 1
5935 0
5936 1
5937 0
5938 2
5939 1
5940 0
5941 2
5942 1
5943 2
5944 0
5945 1
5946 2
5947 0
5948 1
5949 0
5950 1
5951 2
5952 0
5953 1
5954 0
5955 2
5956 1
5957 0
5958 1
5959 2
5960 1
5961 0
5962 2
5963 1
5964 0
5965 1
5966 2
5967 3
5968 1
5969 0
5970 1
5971 0
5972 1
5973 2
5974 0
5975 1
5976 0
5977 1
5978 2
5979 1
5980 0
5981 1
5982 0
5983 2
5984 1
5985 0
5986 1
5987 0
5988 1
5989 0
5990 2
5991 0
5992 1
5993 0
5994 2
5995 0
5996 1
5997 0
5998 1
5999 0
6000 2
6001 1
6002 0
6003 2
6004 0
6005 1
6006 0
6007 1
6008 0
6009 1
6010 0
6011 1
6012 0
6013 2
6014 1
6015 0
6016 1
6017 0
6018 1
6019 2
6020 0
6021 1
6022 0
6023 1
6024 2
6025 1
6026 2
6027 1
6028 0
6029 1
6030 2
6031 0
6032 1
6033 0
6034 2
6035 1
6036 2
6037 1
6038 0
6039 1
6040 0
6041 2
6042 0
6043 2
6044 1
6045 2
6046 0
6047 1
6048 0
6049 1
6050 2
6051 0
6052 1
6053 2
6054 0
6055 1
6056 0
6057 1
6058 0
6059 1
6060 0
6061 1
6062 0
6063 1
6064 0
6065 1
6066 0
6067 1
6068 0
6069 2
6070 1
6071 2
6072 0
6073 1
6074 0
6075 2
6076 0
6077 3
6078 1
6079 2
6080 0
6081 1
6082 0
6083 1
6084 0
6085 2
6086 1
6087 0
6088 1
6089 2
6090 0
6091 2
6092 1
6093 2
6094 1
6095 0
6096 1
6097 0
6098 1
6099 0
6100 1
6101 2
6102 0
6103 1
6104 0
6105 1
6106 0
6107 1
6108 0
6109 1
6110 0
6111 2
6112 1
6113 2
6114 0
6115 1
6116 2
6117 0
6118 1
6119 2
6120 0
6121 1
6122 0
6123 2
6124 1
6125 2
6126 0
6127 1
6128 2
6129 0
6130 1
6131 0
6132 2
6133 0
6134 2
6135 1
6136 2
6137 0
6138 2
6139 0
6140 2
6141 1
6142 2
6143 0
6144 2
6145 0
6146 2
6147 1
6148 2
6149 0
6150 1
6151 0
6152 1
6153 0
6154 2
6155 1
6156 0
6157 1
6158 0
6159 1
6160 0
6161 1
6162 0
6163 1
6164 2
6165 0
6166 1
6167 2
6168 1
6169 0
6170 2
6171 1
6172 0
6173 1
6174 0
6175 1
6176 0
6177 1
6178 0
6179 1
6180 2
6181 0
6182 1
6183 2
6184 0
6185 1
6186 0
6187 2
6188 1
6189 0
6190 1
6191 0
6192 1
6193 0
6194 1
6195 2
6196 0
6197 1
6198 0
6199 1
6200 0
6201 2
6202 1
6203 0
6204 1
6205 0
6206 1
6207 2
6208 0
6209 1
6210 2
6211 1
6212 2
6213 0
6214 1
6215 0
6216 1
6217 0
6218 2
6219 1
6220 2
6221 1
6222 0
6223 1
6224 0
6225 2
6226 1
6227 0
6228 2
6229 1
6230 2
6231 0
6232 1
6233 2
6234 0
6235 1
6236 0
6237 1
6238 0
6239 2
6240 1
6241 2
6242 0
6243 1
6244 0
6245 2
6246 1
6247 0
6248 1
6249 0
6250 1
6251 0
6252 1
6253 2
6254 1
6255 0
6256 1
6257 0
6258 1
6259 0
6260 1
6261 0
6262 1
6263 0
6264 1
6265 2
6266 0
6267 1
6268 0
6269 1
6270 2
6271 0
6272 1
6273 2
6274 0
6275 1
6276 2
6277 1
6278 0
6279 1
6280 0
6281 1
6282 0
6283 1
6284 0
6285 1
6286 2
6287 1
6288 0
6289 2
6290 1
6291 0
6292 1
6293 0
6294 2
6295 0
6296 1
6297 0
6298 2
6299 0
6300 2
6301 1
6302 0
6303 1
6304 0
6305 1
6306 0
6307 2
6308 1
6309 0
6310 2
6311 1
6312 2
6313 0
6314 1
6315 0
6316 1
6317 0
6318 1
6319 0
6320 1
6321 2
6322 0
6323 1
6324 2
6325 0
6326 1
6327 0
6328 1
6329 0
6330 1
6331 0
6332 1
6333 0
6334 2
6335 1
6336 0
6337 1
6338 0
6339 2
6340 1
6341 2
6342 0
6343 2
6344 1
6345 0
6346 1
6347 0
6348 2
6349 0
6350 1
6351 0
6352 1
6353 0
6354 1
6355 0
6356 2
6357 1
6358 0
6359 1
6360 0
6361 1
6362 0
6363 1
6364 2
6365 1
6366 0
6367 1
6368 0
6369 1
6370 3
6371 2
6372 1
6373 0
6374 2
6375 1
6376 2
6377 0
6378 1
6379 0
6380 2
6381 1
6382 0
6383 1
6384 2
6385 0
6386 1
6387 0
6388 2
6389 1
6390 2
6391 0
6392 1
6393 0
6394 1
6395 2
6396 3
6397 1
6398 0
6399 1
6400 0
6401 1
6402 2
6403 0
6404 1
6405 0
6406 2
6407 1
6408 2
6409 0
6410 2
6411 1
6412 0
6413 1
6414 2
6415 0
6416 1
6417 0
6418 1
6419 2
6420 1
6421 0
6422 2
6423 1
6424 0
6425 1
6426 0
6427 1
6428 0
6429 1
6430 2
6431 0
6432 1
6433 0
6434 1
6435 0
6436 2
6437 1
6438 0
6439 1
6440 0
6441 2
6442 1
6443 2
6444 0
6445 1
6446 0
6447 1
6448 0
6449 1
6450 2
6451 1
6452 0
6453 1
6454 0
6455 1
6456 0
6457 2
6458 0
6459 1
6460 0
6461 1
6462 2
6463 0
6464 2
6465 0
6466 1
6467 2
6468 1
6469 0
6470 2
6471 0
6472 1
6473 2
6474 1
6475 0
6476 1
6477 2
6478 0
6479 1
6480 2
6481 0
6482 2
6483 1
6484 0
6485 1
6486 0
6487 1
6488 2
6489 1
6490 0
6491 2
6492 1
6493 0
6494 1
6495 0
6496 1
6497 0
6498 1
6499 2
6500 1
6501 2
6502 0
6503 2
6504 1
6505 0
6506 1
6507 0
6508 1
6509 0
6510 2
6511 1
6512 0
6513 1
6514 0
6515 1
6516 2
6517 0
6518 1
6519 0
6520 1
6521 2
6522 1
6523 2
6524 1
6525 2
6526 1
6527 0
6528 1
6529 2
6530 0
6531 1
6532 0
6533 2
6534 1
6535 2
6536 0
6537 2
6538 0
6539 2
6540 1
6541 0
6542 1
6543 2
6544 1
6545 0
6546 1
6547 0
6548 1
6549 2
6550 0
6551 1
6552 0
6553 1
6554 0
6555 1
6556 2
6557 0
6558 2
6559 1
6560 0
6561 1
6562 2
6563 0
6564 1
6565 2
6566 0
6567 2
6568 0
6569 3
6570 2
6571 0
6572 1
6573 0
6574 1
6575 2
6576 0
6577 1
6578 2
6579 0
6580 1
6581 2
6582 0
6583 1
6584 0
6585 1
6586 0
6587 2
6588 1
6589 0
6590 1
6591 2
6592 0
6593 2
6594 1
6595 2
6596 0
6597 1
6598 0
6599 1
6600 0
6601 2
6602 1
6603 0
6604 1
6605 0
6606 1
6607 2
6608 1
6609 0
6610 1
6611 0
6612 1
6613 0
6614 2
6615 1
6616 0
6617 2
6618 0
6619 1
6620 2
6621 1
6622 0
6623 2
6624 0
6625 1
6626 0
6627 1
6628 0
6629 1
6630 0
6631 1
6632 2
6633 0
6634 1
6635 2
6636 0
6637 1
6638 0
6639 2
6640 1
6641 2
6642 0
6643 2
6644 0
6645 2
6646 1
6647 2
6648 3
6649 1
6650 0
6651 1
6652 2
6653 1
6654 0
6655 1
6656 0
6657 1
6658 0
6659 2
6660 1
6661 0
6662 1
6663 2
6664 0
6665 1
6666 0
6667 1
6668 2
6669 1
6670 0
6671 1
6672 0
6673 1
6674 0
6675 1
6676 0
6677 2
6678 1
6679 0
6680 1
6681 0
6682 1
6683 2
6684 0
6685 1
6686 0
6687 2
6688 1
6689 0
6690 1
6691 2
6692 0
6693 1
6694 2
6695 0
6696 1
6697 0
6698 2
6699 1
6700 0
6701 1
6702 2
6703 0
6704 1
6705 2
6706 1
6707 0
6708 1
6709 2
6710 0
6711 1
6712 0
6713 1
6714 2
6715 0
6716 2
6717 1
6718 2
6719 1
6720 0
6721 1
6722 2
6723 1
6724 0
6725 1
6726 0
6727 1
6728 0
6729 1
6730 0
6731 2
6732 0
6733 1
6734 0
6735 1
6736 2
6737 0
6738 2
6739 1
6740 0
6741 1
6742 2
6743 0
6744 1
6745 0
6746 2
6747 0
6748 2
6749 1
6750 0
6751 3
6752 1
6753 0
6754 1
6755 2
6756 0
6757 1
6758 2
6759 0
6760 2
6761 1
6762 0
6763 2
6764 1
6765 0
6766 2
6767 1
6768 2
6769 0
6770 1
6771 0
6772 2
6773 1
6774 0
6775 1
6776 2
6777 0
6778 2
6779 1
6780 0
6781 2
6782 0
6783 1
6784 0
6785 1
6786 0
6787 1
6788 0
6789 2
6790 1
6791 2
6792 1
6793 0
6794 1
6795 0
6796 1
6797 0
6798 1
6799 2
6800 0
6801 1
6802 2
6803 0
6804 1
6805 0
6806 1
6807 0
6808 1
6809 0
6810 1
6811 0
6812 1
6813 2
6814 3
6815 0
6816 1
6817 0
6818 1
6819 0
6820 2
6821 1
6822 2
6823 1
6824 0
6825 1
6826 0
6827 1
6828 0
6829 2
6830 0
6831 1
6832 0
6833 2
6834 1
6835 0
6836 1
6837 2
6838 0
6839 1
6840 2
6841 0
6842 2
6843 1
6844 0
6845 1
6846 0
6847 1
6848 0
6849 2
6850 1
6851 2
6852 0
6853 1
6854 2
6855 0
6856 2
6857 1
6858 2
6859 1
6860 2
6861 0
6862 2
6863 0
6864 1
6865 0
6866 1
6867 2
6868 1
6869 2
6870 1
6871 0
6872 1
6873 0
6874 1
6875 2
6876 0
6877 1
6878 0
6879 1
6880 0
6881 2
6882 1
6883 2
6884 0
6885 1
6886 2
6887 0
6888 1
6889 0
6890 1
6891 0
6892 1
6893 0
6894 1
6895 0
6896 2
6897 1
6898 0
6899 1
6900 2
6901 0
6902 1
6903 0
6904 1
6905 0
6906 1
6907 0
6908 1
6909 0
6910 1
6911 0
6912 1
6913 2
6914 0
6915 1
6916 0
6917 1
6918 2
6919 0
6920 1
6921 0
6922 1
6923 0
6924 1
6925 0
6926 1
6927 0
6928 2
6929 0
6930 1
6931 0
6932 1
6933 2
6934 1
6935 0
6936 2
6937 0
6938 1
6939 0
6940 2
6941 1
6942 2
6943 0
6944 1
6945 2
6946 1
6947 0
6948 1
6949 0
6950 1
6951 2
6952 0
6953 1
6954 2
6955 0
6956 1
6957 2
6958 0
6959 1
6960 2
6961 0
6962 2
6963 1
6964 0
6965 1
6966 0
6967 1
6968 0
6969 1
6970 0
6971 2
6972 0
6973 1
6974 0
6975 1
6976 0
6977 1
6978 2
6979 0
6980 2
6981 1
6982 2
6983 0
6984 1
6985 2
6986 0
6987 1
6988 0
6989 1
6990 0
6991 1
6992 0
6993 1
6994 0
6995 1
6996 2
6997 0
6998 2
6999 1
7000 2
7001 0
7002 2
7003 0
7004 2
7005 1
7006 0
7007 1
7008 0
7009 1
7010 0
7011 1
7012 0
7013 2
7014 1
7015 2
7016 0
7017 1
7018 0
7019 1
7020 0
7021 1
7022 0
7023 1
7024 2
7025 0
7026 2
7027 1
7028 2
7029 1
7030 2
7031 0
7032 1
7033 0
7034 1
7035 2
7036 1
7037 0
7038 2
7039 1
7040 0
7041 1
7042 0
7043 1
7044 0
7045 1
7046 0
7047 1
7048 0
7049 1
7050 0
7051 1
7052 0
7053 1
7054 0
7055 1
7056 0
7057 1
7058 0
7059 1
7060 2
7061 0
7062 1
7063 0
7064 2
7065 1
7066 0
7067 1
7068 2
7069 0
7070 1
7071 0
7072 2
7073 1
7074 2
7075 1
7076 2
7077 0
7078 1
7079 2
7080 1
7081 0
7082 1
7083 0
7084 1
7085 0
7086 1
7087 0
7088 1
7089 0
7090 2
7091 1
7092 2
7093 0
7094 1
7095 0
7096 1
7097 0
7098 1
7099 0
7100 1
7101 0
7102 2
7103 0
7104 2
7105 1
7106 0
7107 2
7108 0
7109 1
7110 2
7111 1
7112 3
7113 2
7114 0
7115 1
7116 0
7117 2
7118 1
7119 2
7120 1
7121 0
7122 1
7123 0
7124 2
7125 1
7126 0
7127 1
7128 0
7129 2
7130 1
7131 0
7132 1
7133 2
7134 0
7135 1
7136 2
7137 0
7138 2
7139 1
7140 0
7141 1
7142 2
7143 0
7144 1
7145 2
7146 0
7147 1
7148 0
7149 1
7150 0
7151 1
7152 0
7153 1
7154 0
7155 1
7156 0
7157 1
7158 2
7159 0
7160 1
7161 0
7162 1
7163 0
7164 1
7165 0
7166 1
7167 0
7168 2
7169 0
7170 2
7171 0
7172 1
7173 0
7174 1
7175 0
7176 1
7177 0
7178 1
7179 0
7180 1
7181 0
7182 2
7183 1
7184 2
7185 0
7186 1
7187 0
7188 1
7189 0
7190 1
7191 0
7192 1
7193 0
7194 1
7195 2
7196 0
7197 1
7198 2
7199 0
7200 2
7201 0
7202 1
7203 2
7204 0
7205 2
7206 1
7207 2
7208 0
7209 2
7210 1
7211 0
7212 1
7213 2
7214 0
7215 1
7216 0
7217 1
7218 0
7219 3
7220 2
7221 1
7222 0
7223 1
7224 0
7225 1
7226 0
7227 1
7228 0
7229 1
7230 2
7231 0
7232 1
7233 0
7234 1
7235 0
7236 2
7237 1
7238 2
7239 0
7240 1
7241 0
7242 1
7243 0
7244 2
7245 1
7246 0
7247 1
7248 2
7249 0
7250 1
7251 0
7252 2
7253 1
7254 2
7255 0
7256 1
7257 2
7258 1
7259 0
7260 1
7261 0
7262 1
7263 2
7264 0
7265 1
7266 2
7267 0
7268 1
7269 2
7270 0
7271 2
7272 1
7273 2
7274 1
7275 0
7276 2
7277 1
7278 2
7279 0
7280 1
7281 2
7282 0
7283 2
7284 1
7285 2
7286 0
7287 1
7288 2
7289 0
7290 1
7291 2
7292 1
7293 2
7294 3
7295 1
7296 2
7297 0
7298 1
7299 2
7300 0
7301 1
7302 0
7303 1
7304 2
7305 0
7306 1
7307 0
7308 2
7309 0
7310 1
7311 0
7312 1
7313 2
7314 0
7315 1
7316 2
7317 1
7318 0
7319 1
7320 0
7321 2
7322 1
7323 0
7324 1
7325 2
7326 1
7327 0
7328 1
7329 0
7330 2
7331 1
7332 0
7333 1
7334 0
7335 1
7336 0
7337 1
7338 0
7339 1
7340 2
7341 0
7342 1
7343 2
7344 0
7345 2
7346 1
7347 0
7348 1
7349 2
7350 1
7351 0
7352 2
7353 1
7354 0
7355 2
7356 1
7357 0
7358 1
7359 0
7360 1
7361 0
7362 2
7363 1
7364 0
7365 1
7366 2
7367 0
7368 2
7369 1
7370 3
7371 2
7372 1
7373 0
7374 2
7375 0
7376 2
7377 1
7378 0
7379 1
7380 2
7381 0
7382 1
7383 0
7384 1
7385 2
7386 0
7387 2
7388 0
7389 1
7390 2
7391 0
7392 2
7393 1
7394 0
7395 1
7396 0
7397 1
7398 2
7399 0
7400 1
7401 0
7402 1
7403 2
7404 0
7405 1
7406 0
7407 1
7408 0
7409 1
7410 0
7411 1
7412 0
7413 2
7414 1
7415 0
7416 1
7417 0
7418 2
7419 1
7420 0
7421 1
7422 2
7423 0
7424 1
7425 0
7426 1
7427 0
7428 2
7429 1
7430 2
7431 1
7432 2
7433 0
7434 2
7435 0
7436 1
7437 0
7438 2
7439 1
7440 0
7441 1
7442 0
7443 1
7444 0
7445 1
7446 0
7447 2
7448 1
7449 0
7450 1
7451 2
7452 1
7453 2
7454 0
7455 1
7456 2
7457 0
7458 1
7459 2
7460 0
7461 2
7462 1
7463 2
7464 0
7465 1
7466 2
7467 0
7468 1
7469 0
7470 2
7471 1
7472 0
7473 1
7474 0
7475 2
7476 1
7477 2
7478 0
7479 1
7480 0
7481 1
7482 2
7483 0
7484 2
7485 1
7486 0
7487 1
7488 0
7489 1
7490 2
7491 1
7492 2
7493 0
7494 1
7495 0
7496 1
7497 0
7498 2
7499 0
7500 2
7501 1
7502 0
7503 1
7504 2
7505 1
7506 0
7507 1
7508 0
7509 1
7510 0
7511 1
7512 0
7513 1
7514 0
7515 1
7516 0
7517 1
7518 2
7519 1
7520 0
7521 2
7522 0
7523 1
7524 2
7525 0
7526 1
7527 0
7528 2
7529 1
7530 2
7531 0
7532 1
7533 2
7534 0
7535 1
7536 2
7537 0
7538 2
7539 0
7540 1
7541 2
7542 0
7543 2
7544 1
7545 2
7546 0
7547 1
7548 0
7549 1
7550 2
7551 1
7552 2
7553 1
7554 2
7555 1
7556 2
7557 1
7558 0
7559 2
7560 1
7561 0
7562 1
7563 0
7564 2
7565 1
7566 0
7567 1
7568 0
7569 2
7570 0
7571 2
7572 0
7573 1
7574 2
7575 0
7576 1
7577 2
7578 0
7579 1
7580 0
7581 1
7582 2
7583 0
7584 1
7585 2
7586 0
7587 1
7588 0
7589 1
7590 0
7591 1
7592 2
7593 1
7594 2
7595 1
7596 0
7597 2
7598 1
7599 2
7600 0
7601 1
7602 2
7603 0
7604 1
7605 2
7606 0
7607 1
7608 0
7609 1
7610 0
7611 1
7612 0
7613 1
7614 0
7615 2
7616 0
7617 1
7618 0
7619 1
7620 2
7621 1
7622 0
7623 2
7624 1
7625 2
7626 0
7627 1
7628 0
7629 1
7630 0
7631 1
7632 0
7633 2
7634 1
7635 0
7636 1
7637 0
7638 2
7639 1
7640 2
7641 1
7642 0
7643 1
7644 0
7645 1
7646 0
7647 2
7648 1
7649 2
7650 1
7651 0
7652 1
7653 2
7654 0
7655 2
7656 1
7657 0
7658 1
7659 0
7660 1
7661 0
7662 1
7663 0
7664 1
7665 0
7666 1
7667 0
7668 1
7669 0
7670 2
7671 1
7672 2
7673 0
7674 1
7675 0
7676 1
7677 0
7678 2
7679 1
7680 2
7681 1
7682 0
7683 2
7684 1
7685 0
7686 1
7687 2
7688 0
7689 2
7690 1
7691 2
7692 0
7693 1
7694 0
7695 1
7696 2
7697 0
7698 2
7699 1
7700 2
7701 1
7702 0
7703 1
7704 0
7705 1
7706 0
7707 1
7708 0
7709 1
7710 2
7711 0
7712 2
7713 1
7714 2
7715 0
7716 1
7717 0
7718 1
7719 2
7720 1
7721 2
7722 0
7723 2
7724 0
7725 2
7726 1
7727 0
7728 2
7729 0
7730 1
7731 0
7732 2
7733 1
7734 0
7735 2
7736 1
7737 2
7738 0
7739 2
7740 0
7741 2
7742 1
7743 0
7744 1
7745 0
7746 1
7747 0
7748 1
7749 0
7750 2
7751 3
7752 0
7753 1
7754 0
7755 2
7756 1
7757 2
7758 0
7759 1
7760 2
7761 0
7762 1
7763 0
7764 1
7765 2
7766 0
7767 1
7768 0
7769 2
7770 1
7771 0
7772 1
7773 2
7774 1
7775 0
7776 1
7777 0
7778 1
7779 2
7780 0
7781 1
7782 0
7783 1
7784 0
7785 2
7786 1
7787 0
7788 1
7789 2
7790 0
7791 1
7792 0
7793 2
7794 1
7795 2
7796 0
7797 2
7798 1
7799 0
7800 1
7801 2
7802 1
7803 2
7804 0
7805 1
7806 0
7807 1
7808 2
7809 0
7810 2
7811 1
7812 2
7813 1
7814 0
7815 1
7816 0
7817 1
7818 0
7819 1
7820 0
7821 2
7822 1
7823 0
7824 2
7825 1
7826 2
7827 1
7828 0
7829 1
7830 0
7831 1
7832 2
7833 0
7834 2
7835 1
7836 0
7837 2
7838 0
7839 1
7840 2
7841 1
7842 0
7843 1
7844 0
7845 2
7846 1
7847 2
7848 0
7849 2
7850 1
7851 0
7852 1
7853 2
7854 0
7855 1
7856 0
7857 1
7858 0
7859 1
7860 0
7861 2
7862 0
7863 1
7864 0
7865 1
7866 0
7867 1
7868 0
7869 1
7870 0
7871 1
7872 0
7873 2
7874 1
7875 0
7876 1
7877 2
7878 0
7879 2
7880 0
7881 1
7882 0
7883 1
7884 2
7885 0
7886 1
7887 0
7888 2
7889 1
7890 2
7891 0
7892 1
7893 0
7894 1
7895 0
7896 2
7897 3
7898 1
7899 0
7900 3
7901 0
7902 2
7903 1
7904 0
7905 2
7906 1
7907 0
7908 2
7909 0
7910 1
7911 2
7912 1
7913 0
7914 1
7915 0
7916 2
7917 1
7918 2
7919 0
7920 2
7921 1
7922 2
7923 0
7924 2
7925 1
7926 0
7927 1
7928 0
7929 1
7930 0
7931 1
7932 2
7933 0
7934 1
7935 2
7936 1
7937 2
7938 1
7939 2
7940 0
7941 2
7942 1
7943 0
7944 1
7945 0
7946 2
7947 1
7948 0
7949 1
7950 2
7951 0
7952 1
7953 2
7954 0
7955 2
7956 0
7957 1
7958 0
7959 2
7960 1
7961 0
7962 2
7963 1
7964 0
7965 1
7966 0
7967 1
7968 0
7969 2
7970 1
7971 0
7972 1
7973 2
7974 3
7975 1
7976 0
7977 2
7978 1
7979 0
7980 1
7981 2
7982 0
7983 1
7984 0
7985 2
7986 1
7987 0
7988 1
7989 2
7990 0
7991 2
7992 1
7993 0
7994 1
7995 0
7996 1
7997 0
7998 1
7999 0
8000 1
8001 2
8002 0
8003 2
8004 1
8005 0
8006 2
8007 0
8008 1
8009 0
8010 1
8011 0
8012 2
8013 1
8014 2
8015 0
8016 2
8017 1
8018 2
8019 0
8020 2
8021 0
8022 2
8023 0
8024 1
8025 0
8026 1
8027 0
8028 1
8029 0
8030 1
8031 0
8032 1
8033 0
8034 1
8035 0
8036 1
8037 0
8038 1
8039 2
8040 1
8041 0
8042 1
8043 2
8044 1
8045 0
8046 1
8047 0
8048 2
8049 1
8050 0
8051 1
8052 2
8053 0
8054 2
8055 0
8056 1
8057 0
8058 2
8059 1
8060 0
8061 1
8062 2
8063 0
8064 1
8065 0
8066 1
8067 2
8068 0
8069 1
8070 0
8071 1
8072 0
8073 1
8074 0
8075 2
8076 1
8077 2
8078 0
8079 1
8080 0
8081 1
8082 0
8083 1
8084 2
8085 1
8086 0
8087 1
8088 0
8089 1
8090 2
8091 0
8092 1
8093 0
8094 1
8095 0
8096 1
8097 0
8098 1
8099 2
8100 0
8101 1
8102 0
8103 1
8104 2
8105 0
8106 2
8107 0
8108 1
8109 2
8110 1
8111 0
8112 1
8113 0
8114 1
8115 0
8116 1
8117 0
8118 1
8119 0
8120 1
8121 2
8122 0
8123 1
8124 0
8125 2
8126 0
8127 2
8128 1
8129 2
8130 0
8131 1
8132 0
8133 1
8134 0
8135 1
8136 0
8137 1
8138 0
8139 1
8140 0
8141 2
8142 1
8143 2
8144 1
8145 0
8146 2
8147 1
8148 0
8149 2
8150 1
8151 0
8152 2
8153 1
8154 0
8155 1
8156 2
8157 0
8158 2
8159 1
8160 0
8161 2
8162 0
8163 1
8164 0
8165 1
8166 2
8167 0
8168 1
8169 0
8170 1
8171 0
8172 1
8173 2
8174 0
8175 1
8176 0
8177 1
8178 0
8179 3
8180 2
8181 0
8182 1
8183 0
8184 1
8185 0
8186 1
8187 0
8188 2
8189 1
8190 3
8191 0
8192 1
8193 2
8194 0
8195 2
8196 1
8197 0
8198 1
8199 0
8200 2
8201 1
8202 0
8203 2
8204 1
8205 0
8206 1
8207 0
8208 2
8209 1
8210 0
8211 1
8212 0
8213 2
8214 1
8215 2
8216 0
8217 1
8218 0
8219 2
8220 1
8221 0
8222 1
8223 0
8224 1
8225 0
8226 2
8227 1
8228 2
8229 3
8230 1
8231 2
8232 0
8233 2
8234 1
8235 2
8236 0
8237 1
8238 0
8239 1
8240 0
8241 1
8242 0
8243 1
8244 0
8245 2
8246 1
8247 0
8248 1
8249 0
8250 1
8251 0
8252 2
8253 1
8254 2
8255 0
8256 1
8257 0
8258 1
8259 2
8260 1
8261 2
8262 0
8263 2
8264 0
8265 1
8266 0
8267 1
8268 2
8269 1
8270 0
8271 1
8272 0
8273 2
8274 1
8275 0
8276 1
8277 0
8278 1
8279 0
8280 2
8281 0
8282 2
8283 1
8284 0
8285 1
8286 2
8287 0
8288 1
8289 0
8290 1
8291 2
8292 1
8293 0
8294 1
8295 2
8296 0
8297 1
8298 0
8299 1
8300 0
8301 1
8302 0
8303 1
8304 0
8305 1
8306 2
8307 0
8308 1
8309 0
8310 1
8311 0
8312 2
8313 1
8314 0
8315 1
8316 2
8317 0
8318 1
8319 2
8320 0
8321 2
8322 1
8323 0
8324 1
8325 0
8326 2
8327 1
8328 0
8329 1
8330 0
8331 2
8332 0
8333 1
8334 2
8335 0
8336 2
8337 1
8338 0
8339 1
8340 0
8341 1
8342 2
8343 0
8344 1
8345 0
8346 1
8347 0
8348 1
8349 2
8350 0
8351 1
8352 0
8353 1
8354 0
8355 1
8356 0
8357 1
8358 0
8359 1
8360 0
8361 2
8362 3
8363 1
8364 2
8365 1
8366 0
8367 1
8368 0
8369 2
8370 1
8371 2
8372 0
8373 1
8374 0
8375 1
8376 0
8377 2
8378 0
8379 1
8380 2
8381 1
8382 0
8383 1
8384 2
8385 0
8386 1
8387 0
8388 1
8389 0
8390 1
8391 0
8392 1
8393 0
8394 1
8395 2
8396 0
8397 1
8398 2
8399 0
8400 1
8401 0
8402 1
8403 0
8404 1
8405 0
8406 1
8407 3
8408 2
8409 0
8410 1
8411 2
8412 0
8413 1
8414 0
8415 1
8416 0
8417 2
8418 1
8419 0
8420 1
8421 0
8422 2
8423 1
8424 0
8425 1
8426 2
8427 1
8428 0
8429 1
8430 0
8431 1
8432 2
8433 0
8434 1
8435 2
8436 0
8437 1
8438 0
8439 1
8440 0
8441 1
8442 0
8443 2
8444 1
8445 2
8446 1
8447 2
8448 0
8449 2
8450 1
8451 0
8452 1
8453 0
8454 1
8455 0
8456 1
8457 2
8458 0
8459 1
8460 0
8461 1
8462 0
8463 1
8464 0
8465 2
8466 1
8467 0
8468 1
8469 0
8470 1
8471 0
8472 1
8473 2
8474 0
8475 2
8476 1
8477 0
8478 1
8479 0
8480 2
8481 3
8482 1
8483 0
8484 2
8485 1
8486 0
8487 1
8488 0
8489 1
8490 2
8491 1
8492 0
8493 2
8494 1
8495 0
8496 1
8497 0
8498 1
8499 2
8500 1
8501 0
8502 2
8503 1
8504 0
8505 1
8506 2
8507 0
8508 1
8509 0
8510 2
8511 1
8512 0
8513 2
8514 1
8515 0
8516 1
8517 0
8518 1
8519 0
8520 1
8521 0
8522 1
8523 0
8524 1
8525 0
8526 2
8527 1
8528 0
8529 1
8530 0
8531 1
8532 0
8533 1
8534 2
8535 0
8536 2
8537 0
8538 1
8539 2
8540 0
8541 1
8542 2
8543 0
8544 1
8545 0
8546 1
8547 0
8548 1
8549 0
8550 2
8551 1
8552 0
8553 1
8554 0
8555 2
8556 1
8557 2
8558 0
8559 1
8560 2
8561 0
8562 1
8563 2
8564 0
8565 1
8566 2
8567 0
8568 1
8569 2
8570 0
8571 1
8572 2
8573 3
8574 1
8575 0
8576 1
8577 0
8578 2
8579 1
8580 0
8581 1
8582 0
8583 1
8584 0
8585 2
8586 1
8587 2
8588 1
8589 0
8590 1
8591 0
8592 1
8593 0
8594 1
8595 0
8596 1
8597 0
8598 1
8599 2
8600 0
8601 1
8602 0
8603 1
8604 2
8605 0
8606 2
8607 0
8608 1
8609 0
8610 1
8611 0
8612 1
8613 0
8614 1
8615 0
8616 2
8617 1
8618 2
8619 1
8620 0
8621 1
8622 0
8623 1
8624 2
8625 1
8626 2
8627 0
8628 1
8629 0
8630 1
8631 0
8632 1
8633 2
8634 1
8635 0
8636 1
8637 2
8638 0
8639 1
8640 0
8641 2
8642 0
8643 1
8644 2
8645 0
8646 1
8647 0
8648 1
8649 2
8650 0
8651 1
8652 2
8653 0
8654 2
8655 1
8656 0
8657 1
8658 0
8659 1
8660 0
8661 1
8662 0
8663 1
8664 0
8665 1
8666 2
8667 0
8668 1
8669 2
8670 0
8671 1
8672 0
8673 2
8674 1
8675 0
8676 2
8677 1
8678 0
8679 2
8680 1
8681 0
8682 1
8683 0
8684 2
8685 0
8686 1
8687 2
8688 1
8689 0
8690 2
8691 1
8692 0
8693 2
8694 0
8695 1
8696 0
8697 1
8698 0
8699 1
8700 0
8701 2
8702 1
8703 2
8704 0
8705 2
8706 1
8707 0
8708 1
8709 0
8710 1
8711 0
8712 2
8713 1
8714 2
8715 0
8716 1
8717 0
8718 2
8719 1
8720 0
8721 1
8722 0
8723 1
8724 0
8725 2
8726 0
8727 2
8728 1
8729 0
8730 1
8731 2
8732 1
8733 0
8734 1
8735 2
8736 1
8737 0
8738 1
8739 0
8740 1
8741 2
8742 0
8743 1
8744 0
8745 2
8746 0
8747 2
8748 0
8749 2
8750 1
8751 0
8752 1
8753 0
8754 2
8755 1
8756 2
8757 1
8758 0
8759 1
8760 0
8761 1
8762 0
8763 1
8764 0
8765 2
8766 0
8767 1
8768 0
8769 1
8770 0
8771 1
8772 0
8773 1
8774 0
8775 1
8776 2
8777 0
8778 1
8779 0
8780 1
8781 2
8782 0
8783 2
8784 1
8785 0
8786 2
8787 3
8788 1
8789 2
8790 0
8791 2
8792 1
8793 2
8794 0
8795 1
8796 0
8797 2
8798 1
8799 0
8800 1
8801 2
8802 0
8803 2
8804 1
8805 2
8806 0
8807 1
8808 0
8809 1
8810 0
8811 1
8812 0
8813 1
8814 0
8815 2
8816 1
8817 2
8818 0
8819 2
8820 1
8821 0
8822 1
8823 2
8824 0
8825 2
8826 1
8827 0
8828 1
8829 2
8830 0
8831 1
8832 0
8833 2
8834 1
8835 0
8836 2
8837 1
8838 0
8839 1
8840 0
8841 2
8842 0
8843 1
8844 0
8845 2
8846 0
8847 1
8848 2
8849 0
8850 2
8851 1
8852 0
8853 2
8854 1
8855 2
8856 0
8857 2
8858 1
8859 0
8860 1
8861 0
8862 2
8863 1
8864 0
8865 2
8866 1
8867 0
8868 2
8869 1
8870 2
8871 0
8872 1
8873 0
8874 1
8875 0
8876 1
8877 0
8878 1
8879 0
8880 1
8881 2
8882 0
8883 1
8884 0
8885 1
8886 0
8887 1
8888 2
8889 0
8890 1
8891 2
8892 0
8893 1
8894 0
8895 1
8896 2
8897 0
8898 1
8899 0
8900 1
8901 0
8902 1
8903 2
8904 1
8905 0
8906 1
8907 2
8908 1
8909 0
8910 1
8911 0
8912 1
8913 0
8914 1
8915 0
8916 1
8917 0
8918 1
8919 0
8920 2
8921 0
8922 2
8923 0
8924 1
8925 0
8926 1
8927 0
8928 1
8929 0
8930 2
8931 1
8932 0
8933 1
8934 0
8935 1
8936 0
8937 2
8938 0
8939 1
8940 0
8941 1
8942 2
8943 0
8944 1
8945 2
8946 1
8947 2
8948 1
8949 0
8950 2
8951 1
8952 0
8953 1
8954 0
8955 1
8956 2
8957 0
8958 1
8959 0
8960 1
8961 2
8962 0
8963 2
8964 1
8965 2
8966 0
8967 2
8968 0
8969 1
8970 0
8971 2
8972 1
8973 0
8974 2
8975 1
8976 2
8977 0
8978 1
8979 0
8980 1
8981 2
8982 0
8983 2
8984 1
8985 0
8986 2
8987 0
8988 1
8989 2
8990 0
8991 1
8992 0
8993 1
8994 0
8995 1
8996 0
8997 1
8998 0
8999 2
9000 1
9001 0
9002 1
9003 0
9004 1
9005 0
9006 1
9007 2
9008 1
9009 0
9010 1
9011 2
9012 1
9013 2
9014 0
9015 1
9016 0
9017 1
9018 2
9019 3
9020 1
9021 0
9022 1
9023 2
9024 0
9025 2
9026 1
9027 2
9028 0
9029 1
9030 0
9031 1
9032 2
9033 1
9034 0
9035 1
9036 0
9037 1
9038 0
9039 1
9040 0
9041 1
9042 0
9043 1
9044 0
9045 1
9046 0
9047 2
9048 1
9049 0
9050 1
9051 0
9052 1
9053 2
9054 0
9055 2
9056 3
9057 1
9058 0
9059 1
9060 0
9061 1
9062 0
9063 1
9064 0
9065 2
9066 1
9067 2
9068 1
9069 0
9070 2
9071 1
9072 0
9073 1
9074 2
9075 1
9076 0
9077 1
9078 2
9079 1
9080 0
9081 1
9082 0
9083 1
9084 2
9085 0
9086 1
9087 2
9088 0
9089 1
9090 2
9091 0
9092 2
9093 1
9094 0
9095 1
9096 2
9097 0
9098 1
9099 2
9100 0
9101 1
9102 0
9103 2
9104 1
9105 0
9106 1
9107 0
9108 1
9109 2
9110 0
9111 1
9112 0
9113 1
9114 2
9115 1
9116 0
9117 1
9118 0
9119 1
9120 2
9121 0
9122 2
9123 1
9124 2
9125 0
9126 1
9127 2
9128 0
9129 2
9130 1
9131 0
9132 1
9133 0
9134 1
9135 0
9136 2
9137 1
9138 0
9139 1
9140 0
9141 2
9142 1
9143 0
9144 1
9145 0
9146 1
9147 0
9148 2
9149 0
9150 1
9151 2
9152 0
9153 2
9154 3
9155 1
9156 2
9157 0
9158 3
9159 1
9160 0
9161 1
9162 2
9163 1
9164 2
9165 0
9166 2
9167 0
9168 1
9169 0
9170 1
9171 2
9172 0
9173 1
9174 2
9175 0
9176 1
9177 0
9178 1
9179 0
9180 1
9181 2
9182 0
9183 1
9184 2
9185 1
9186 0
9187 1
9188 0
9189 1
9190 2
9191 1
9192 2
9193 0
9194 1
9195 2
9196 1
9197 0
9198 1
9199 0
9200 1
9201 2
9202 0
9203 1
9204 0
9205 1
9206 0
9207 1
9208 0
9209 1
9210 0
9211 2
9212 0
9213 2
9214 1
9215 2
9216 1
9217 0
9218 1
9219 2
9220 1
9221 0
9222 2
9223 0
9224 1
9225 0
9226 2
9227 1
9228 2
9229 0
9230 1
9231 0
9232 1
9233 0
9234 1
9235 0
9236 2
9237 1
9238 2
9239 0
9240 1
9241 0
9242 1
9243 0
9244 2
9245 0
9246 1
9247 2
9248 0
9249 2
9250 1
9251 0
9252 1
9253 2
9254 0
9255 1
9256 2
9257 1
9258 0
9259 2
9260 0
9261 1
9262 2
9263 0
9264 1
9265 0
9266 1
9267 0
9268 1
9269 0
9270 1
9271 2
9272 0
9273 1
9274 0
9275 1
9276 0
9277 2
9278 1
9279 0
9280 1
9281 0
9282 1
9283 2
9284 0
9285 2
9286 1
9287 0
9288 1
9289 0
9290 1
9291 2
9292 1
9293 0
9294 1
9295 2
9296 0
9297 1
9298 2
9299 0
9300 2
9301 0
9302 1
9303 2
9304 1
9305 0
9306 1
9307 0
9308 1
9309 2
9310 1
9311 2
9312 0
9313 2
9314 0
9315 1
9316 0
9317 1
9318 0
9319 1
9320 2
9321 1
9322 0
9323 2
9324 1
9325 0
9326 2
9327 0
9328 1
9329 0
9330 1
9331 0
9332 1
9333 0
9334 1
9335 0
9336 2
9337 0
9338 2
9339 1
9340 2
9341 0
9342 1
9343 0
9344 2
9345 0
9346 1
9347 0
9348 1
9349 0
9350 2
9351 1
9352 0
9353 1
9354 2
9355 0
9356 1
9357 0
9358 1
9359 0
9360 2
9361 1
9362 2
9363 0
9364 1
9365 0
9366 1
9367 0
9368 1
9369 0
9370 1
9371 0
9372 1
9373 2
9374 0
9375 2
9376 0
9377 1
9378 0
9379 1
9380 0
9381 1
9382 2
9383 0
9384 1
9385 0
9386 2
9387 1
9388 2
9389 0
9390 2
9391 1
9392 0
9393 2
9394 1
9395 0
9396 1
9397 0
9398 2
9399 1
9400 0
9401 1
9402 0
9403 1
9404 0
9405 2
9406 1
9407 0
9408 1
9409 0
9410 1
9411 0
9412 1
9413 0
9414 2
9415 0
9416 1
9417 0
9418 1
9419 0
9420 2
9421 3
9422 1
9423 2
9424 0
9425 1
9426 0
9427 1
9428 0
9429 1
9430 0
9431 1
9432 0
9433 1
9434 2
9435 0
9436 2
9437 1
9438 3
9439 2
9440 3
9441 1
9442 0
9443 1
9444 2
9445 0
9446 1
9447 0
9448 2
9449 0
9450 2
9451 1
9452 2
9453 1
9454 0
9455 2
9456 1
9457 0
9458 1
9459 2
9460 1
9461 2
9462 1
9463 0
9464 2
9465 0
9466 1
9467 2
9468 0
9469 1
9470 2
9471 0
9472 1
9473 0
9474 2
9475 1
9476 2
9477 1
9478 0
9479 2
9480 0
9481 1
9482 0
9483 2
9484 1
9485 2
9486 0
9487 2
9488 1
9489 0
9490 1
9491 0
9492 1
9493 2
9494 1
9495 0
9496 2
9497 1
9498 0
9499 1
9500 0
9501 1
9502 0
9503 2
9504 0
9505 1
9506 2
9507 0
9508 3
9509 2
9510 0
9511 2
9512 1
9513 0
9514 1
9515 2
9516 0
9517 1
9518 2
9519 0
9520 2
9521 1
9522 0
9523 1
9524 0
9525 1
9526 0
9527 2
9528 1
9529 2
9530 0
9531 1
9532 2
9533 0
9534 1
9535 0
9536 1
9537 0
9538 1
9539 2
9540 1
9541 0
9542 1
9543 0
9544 1
9545 0
9546 1
9547 0
9548 1
9549 0
9550 1
9551 2
9552 0
9553 1
9554 2
9555 0
9556 2
9557 1
9558 0
9559 1
9560 0
9561 2
9562 1
9563 2
9564 0
9565 1
9566 0
9567 1
9568 0
9569 2
9570 1
9571 0
9572 1
9573 0
9574 1
9575 0
9576 1
9577 0
9578 2
9579 1
9580 2
9581 0
9582 1
9583 0
9584 2
9585 1
9586 0
9587 2
9588 1
9589 2
9590 0
9591 2
9592 1
9593 0
9594 1
9595 0
9596 1
9597 0
9598 1
9599 0
9600 1
9601 2
9602 1
9603 0
9604 1
9605 0
9606 2
9607 1
9608 0
9609 1
9610 0
9611 1
9612 0
9613 1
9614 0
9615 2
9616 1
9617 2
9618 0
9619 1
9620 2
9621 1
9622 0
9623 1
9624 0
9625 2
9626 1
9627 2
9628 1
9629 2
9630 0
9631 2
9632 1
9633 0
9634 1
9635 0
9636 1
9637 2
9638 0
9639 1
9640 0
9641 1
9642 2
9643 1
9644 0
9645 1
9646 2
9647 0
9648 2
9649 0
9650 1
9651 0
9652 1
9653 0
9654 2
9655 1
9656 2
9657 0
9658 2
9659 1
9660 0
9661 1
9662 2
9663 0
9664 1
9665 0
9666 1
9667 0
9668 1
9669 0
9670 2
9671 1
9672 2
9673 0
9674 1
9675 0
9676 1
9677 2
9678 0
9679 1
9680 0
9681 1
9682 2
9683 1
9684 0
9685 1
9686 0
9687 1
9688 2
9689 0
9690 1
9691 0
9692 1
9693 2
9694 3
9695 1
9696 2
9697 0
9698 1
9699 0
9700 1
9701 2
9702 0
9703 2
9704 0
9705 1
9706 0
9707 1
9708 2
9709 1
9710 2
9711 1
9712 0
9713 1
9714 2
9715 0
9716 1
9717 2
9718 0
9719 1
9720 2
9721 0
9722 2
9723 0
9724 1
9725 0
9726 1
9727 2
9728 0
9729 2
9730 1
9731 0
9732 1
9733 2
9734 0
9735 1
9736 0
9737 1
9738 0
9739 1
9740 0
9741 1
9742 0
9743 1
9744 0
9745 1
9746 0
9747 1
9748 2
9749 0
9750 1
9751 0
9752 1
9753 0
9754 2
9755 1
9756 2
9757 0
9758 1
9759 2
9760 0
9761 1
9762 0
9763 2
9764 1
9765 2
9766 0
9767 2
9768 1
9769 2
9770 0
9771 1
9772 2
9773 0
9774 1
9775 2
9776 1
9777 0
9778 2
9779 1
9780 2
9781 0
9782 1
9783 2
9784 1
9785 2
9786 0
9787 1
9788 2
9789 0
9790 1
9791 2
9792 0
9793 2
9794 1
9795 0
9796 1
9797 2
9798 0
9799 1
9800 2
9801 0
9802 2
9803 0
9804 1
9805 0
9806 1
9807 2
9808 0
9809 2
9810 1
9811 2
9812 0
9813 1
9814 2
9815 0
9816 1
9817 0
9818 2
9819 1
9820 2
9821 1
9822 0
9823 1
9824 0
9825 1
9826 0
9827 1
9828 2
9829 1
9830 0
9831 1
9832 0
9833 2
9834 1
9835 2
9836 0
9837 2
9838 0
9839 1
9840 0
9841 1
9842 0
9843 2
9844 1
9845 2
9846 0
9847 1
9848 0
9849 2
9850 1
9851 2
9852 0
9853 2
9854 1
9855 0
9856 1
9857 0
9858 2
9859 1
9860 2
9861 0
9862 2
9863 1
9864 0
9865 2
9866 1
9867 0
9868 1
9869 2
9870 0
9871 1
9872 0
9873 1
9874 2
9875 1
9876 0
9877 2
9878 1
9879 0
9880 1
9881 2
9882 0
9883 2
9884 0
9885 2
9886 0
9887 1
9888 0
9889 1
9890 0
9891 1
9892 0
9893 1
9894 0
9895 1
9896 2
9897 0
9898 1
9899 2
9900 0
9901 1
9902 0
9903 1
9904 2
9905 0
9906 1
9907 0
9908 2
9909 1
9910 2
9911 0
9912 2
9913 1
9914 0
9915 2
9916 0
9917 1
9918 0
9919 1
9920 0
9921 1
9922 0
9923 2
9924 1
9925 2
9926 0
9927 2
9928 0
9929 1
9930 0
9931 1
9932 0
9933 3
9934 2
9935 1
9936 0
9937 1
9938 2
9939 0
9940 1
9941 0
9942 1
9943 0
9944 1
9945 0
9946 2
9947 1
9948 0
9949 1
9950 2
9951 0
9952 1
9953 0
9954 1
9955 0
9956 1
9957 0
9958 1
9959 0
9960 1
9961 0
9962 2
9963 0
9964 1
9965 2
9966 0
9967 1
9968 0
9969 2
9970 1
9971 2
9972 0
9973 1
9974 2
9975 0
9976 1
9977 0
9978 1
9979 0
9980 1
9981 0
9982 1
9983 0
9984 1
9985 2
9986 0
9987 1
9988 0
9989 1
9990 0
9991 1
9992 0
9993 1
9994 2
9995 0
9996 1
9997 0
9998 1
9999 2
Colors used: 4
Valid coloring: true
Execution time: 6.1399 ms
