Result Matrix : 
205688 192962 225133 205841 194802 197959 211842 235306 223178 200983 200387 206620 204050 199817 189739 234047 229381 213326 213948 194964 212324 201560 204982 215991 200691 205813 222228 205470 222750 201150 210906 234592 191559 202871 190967 199179 228947 201611 190485 204273 199066 193414 192559 244859 201144 180961 202816 238646 215622 239519 194620 209937 221122 218567 218200 209443 202427 218405 194926 230712 197213 219562 199047 216139 213846 232823 229668 222237 225972 208496 194794 209920 221246 219397 223951 200905 210586 204412 215583 230136 195220 201994 205548 192254 218545 189790 202859 208614 222293 199536 218949 216637 233181 224713 223545 194575 206645 199273 175517 206361 
214980 227872 246436 242233 217214 239886 225957 260944 255018 217915 241467 234432 221711 225673 207792 245868 236002 214222 252071 214290 248556 215486 224603 249897 219168 246020 238203 234372 229902 265787 240721 245551 210429 212630 205271 213293 260558 232786 219827 234411 231925 217474 209298 268674 234126 221749 241287 250246 242796 259025 232296 224166 248247 242285 237938 233152 250959 250011 204029 247017 212939 247730 217272 238933 232628 243989 251782 253768 259350 246428 217283 214574 246405 241342 245807 223160 231691 245626 242016 248667 240197 227210 216774 226852 240413 188789 231433 224930 239580 226001 243269 241888 248475 227014 251486 232268 243308 224700 194190 244517 
245784 252525 281980 266271 233922 236293 246900 272254 276635 227700 272870 256085 244301 234206 243790 263105 266346 251691 266761 229870 261893 258425 235592 283998 255606 263632 256801 257142 276974 271601 254450 259487 246522 227347 241165 248987 276129 238544 232143 253771 253627 229700 239245 282900 241752 232222 233301 267845 259869 291622 236038 252501 275571 246471 287417 256331 262087 269455 242550 273633 235379 251817 232311 256037 267899 291072 278710 273160 272032 262000 243716 256078 275150 269683 263986 239713 241290 241449 272708 275923 245172 230623 235008 243096 274061 245790 245384 260647 261226 247819 274038 256562 264271 265005 266120 249618 250241 247498 210053 262773 
237645 249921 271397 263456 244012 244720 243450 269787 266386 244802 268538 270466 234483 248673 236881 269877 263605 252319 277576 229926 256265 247231 244969 287258 248632 251916 254738 258136 276518 276607 251364 283676 242333 223080 236011 243128 283356 247695 228969 239522 253599 249113 223001 294450 255379 239098 266309 282860 273996 296195 250093 252695 264476 254404 287421 259332 258399 288565 241977 270970 246243 252241 252004 263387 266352 275928 277068 277092 275446 261125 253533 268829 283345 280245 274784 250487 257205 258504 246107 283391 266983 264215 249832 249207 273334 217376 251825 263772 267894 261219 266654 253354 260401 253304 278748 267540 270934 238796 216888 268646 
216784 209227 228086 212693 187409 187813 215595 203522 215364 195789 210836 215809 184832 203143 186331 206230 209073 199083 227287 179709 202386 200906 181414 221080 212632 211421 205207 211107 220350 214186 192701 230636 203594 181890 183409 208537 240392 202764 187204 203399 192232 191707 193087 229524 207766 199857 212327 209343 216523 245158 205017 204990 192075 207151 239059 211211 223543 228321 190998 221064 188880 204490 208882 205456 205617 220456 223452 215011 224597 226470 190057 212660 213001 217927 199541 187640 204098 199378 212324 229138 207961 211292 196218 199244 231438 181361 197161 205088 195423 218727 212868 215396 218533 217890 222151 209729 208936 193482 178305 208192 
226697 248786 252680 238430 210753 227107 245154 263267 260493 237187 245698 242551 233831 243543 209925 266698 254320 249200 255665 215995 233823 223877 232919 246502 230576 233482 238145 233568 260190 251417 233169 249418 224021 217948 215427 245826 273472 237581 230908 235075 226957 226683 221517 275648 242786 215031 247022 265774 252769 279042 225097 247072 237056 241620 249645 251068 239783 261254 227802 248978 217498 232648 229881 243424 247579 254917 258903 248117 259318 245371 223198 245433 256095 257852 244933 223935 232993 232324 242931 254493 236036 228429 231383 236675 258389 223312 236644 245183 242271 251294 250404 270082 244677 245095 280702 223748 247648 225511 210062 242138 
215413 205010 234207 225130 189346 199906 194586 217974 209249 193642 218439 212791 198990 194862 192289 218231 205391 205318 226060 191304 214479 200965 189553 233016 212196 211586 203890 211675 224745 227152 207189 234836 195344 183892 209760 208604 246940 205007 175057 201000 208045 203259 195424 236157 197278 197650 207773 225071 221443 237133 193872 204056 213675 205011 242454 214750 213548 232029 200300 220249 208020 225027 201357 218766 217163 245835 219229 234476 221790 218993 206523 206542 217779 218618 220745 208954 196072 202559 207708 226086 225254 204118 208387 192156 232850 184931 199776 219224 215797 196345 228314 198541 229339 222812 236115 218011 213559 206380 177774 218621 
245169 247523 262432 283125 242414 227199 256069 272622 259430 228446 255391 258337 241466 256521 226121 255894 261648 248193 271980 230148 251307 241459 232377 277984 252281 270056 248310 258372 263487 273423 247228 272284 222464 209671 242108 251652 286228 257415 226743 229710 234733 253490 229625 277107 247706 236436 253661 269425 265606 297729 238125 250934 245068 259165 283729 259788 247322 269063 248806 270001 235996 257650 247222 254618 240857 284319 277642 283196 272630 273333 261193 250895 261129 253599 248667 239659 245139 260327 243834 269669 258608 251126 234936 234534 273116 241201 236362 252776 262023 255588 257562 258229 271968 251445 266481 251569 261645 252011 216096 254427 
233263 228758 244518 224387 223418 218643 216982 239330 233747 222798 217784 244083 214327 222607 194881 248038 258174 249114 248148 213119 223413 236320 223370 240100 217063 226487 230370 233038 244503 239547 235559 257499 213537 218225 214091 217899 250622 216878 192280 221121 224683 223930 212421 257625 217569 216959 214366 248154 232996 267012 212772 232095 222391 233029 261322 229614 238286 249312 207547 249310 231471 230467 218861 247544 237517 246223 247730 241674 254723 243115 237305 223489 233847 238810 255742 219457 228548 235838 235252 239617 228284 240785 229609 208871 239874 209947 221892 235150 238486 228428 235550 242974 253965 247336 247983 224342 235285 232234 191994 251958 
231795 250111 269672 246230 224778 227829 255564 266919 270549 244743 257253 272802 239831 238396 235826 273516 266169 256065 279743 218336 244099 241871 243112 265549 263378 255143 259304 257345 279296 272859 255401 258326 246706 219118 231518 265766 282263 256631 228223 248088 244209 236578 237535 276729 250727 238520 250771 286329 280102 303702 240543 250951 250475 257735 283752 259284 280339 291527 247177 281404 232860 249453 242348 262727 256766 270821 276957 284691 264758 268443 245148 256174 270867 279192 272674 244716 238965 238774 258151 292540 260673 238759 250091 249745 279904 232572 244487 254554 246805 238767 273944 248991 275983 263481 272289 249170 273301 265589 205921 265975 
229451 238843 247460 254013 248283 237783 236200 278568 265975 225252 246927 259302 227385 232833 215721 258537 260258 237860 263808 221799 252198 261780 242842 278027 232422 254531 263748 251662 267632 278223 247949 264817 240994 225023 227657 245110 264398 247652 218491 246600 252756 237629 224440 298133 249212 232985 243680 279275 260404 282472 239610 263232 271967 249381 266002 249739 263551 254587 224394 267300 249097 250915 232498 257527 263438 273045 269149 274967 262007 251496 247455 259090 256924 265153 268529 227946 243846 257172 263234 276584 251002 246915 239679 233509 283650 228519 259524 257779 265165 231058 250905 272558 256961 253141 266081 238923 268668 229222 222249 250317 
233410 255921 258047 226415 207220 231497 226673 252453 256268 229006 257557 261354 235795 218378 201582 237764 271454 234641 262422 214880 228316 224824 216457 254251 230952 225176 223743 238339 274720 263134 236647 240360 224907 213642 228352 227613 250841 220678 220102 244076 250722 227244 217482 269171 226362 229665 242764 272557 251469 279399 222510 257259 239919 226730 263286 253177 255020 259132 213743 244049 231046 237933 226630 254432 266239 251886 257830 267565 264899 233178 237416 245207 266933 247089 260274 233336 216914 234643 239778 274892 240616 231185 239314 220101 255642 200612 245454 235728 241534 242752 239862 245649 257702 240223 266511 234286 238040 242502 203701 264721 
232574 231266 245219 256421 227330 219143 219677 244802 245283 211527 229630 253089 216646 223726 203425 224964 246545 220261 239492 211968 211604 236066 210881 248210 213368 225534 226291 219807 269858 230796 241178 262364 231245 212533 217939 220025 242882 220524 199715 237293 236202 216760 222163 265509 237562 217861 229748 254251 247471 260176 215820 237603 220433 217945 260273 225883 257248 253838 211942 256679 221634 221470 209883 235204 240880 242888 258799 243439 254821 226565 228905 235157 239707 229439 240261 212832 232071 229126 216445 249446 223511 233950 226933 199334 246684 203550 241353 250239 237693 236064 247230 238034 233050 250166 259004 220766 234296 232871 193007 243571 
223826 229869 266211 261048 224927 239981 231462 257810 258162 235469 251483 252388 233721 235126 225803 240723 270530 236747 255958 217542 251654 234651 234893 276065 258972 251379 241917 256150 264789 265006 230424 277612 235583 230549 238069 246756 273021 230073 239713 242598 236914 237483 234464 288936 242083 238633 251886 273169 250816 284213 234340 263502 249546 251597 274169 257845 268113 264563 248330 246645 237981 255381 223956 260845 249873 273500 251863 260221 263227 253597 237384 242324 252431 258734 262722 252566 232419 250745 246090 257410 250871 239383 230429 238330 259115 226093 229332 252692 245040 239480 252478 263187 261327 256614 280548 240356 242523 245181 210808 269822 
225140 252059 267804 248501 206286 231251 237182 271722 271532 240189 239283 258346 228478 216487 229969 238617 259125 240677 265739 207637 234666 228484 242438 248266 244006 232576 225360 249645 261659 256228 235336 256882 224806 215789 229216 224581 246635 224319 215409 233624 246819 218657 209506 282040 234487 231353 222949 260263 258802 278544 208828 244574 258833 240339 278008 252294 249410 256616 226021 244620 223291 233796 237797 257804 254666 261196 258528 242518 272825 258004 223227 244815 244698 264039 249632 228861 232332 211651 246637 262639 254206 238830 231125 228060 249395 225664 226978 230655 242252 245683 237981 257044 248966 252386 266423 253687 241524 221301 197323 249784 
249238 256363 255199 260020 217923 238143 237291 251621 262918 232365 253236 255739 239997 256946 212242 250631 263923 260986 272901 225885 229550 238801 239415 265091 250743 256037 229100 256375 276360 260199 243303 266219 225673 228216 232818 246298 278979 239492 216134 236816 243883 241038 220715 272966 255296 244135 259653 267681 268372 289754 242121 247093 240607 250566 275582 252151 258971 264358 225677 262064 229441 237418 263668 259636 233708 267169 272632 263187 263708 255636 240880 260611 248139 252213 236886 244687 253668 254642 244232 273681 237844 241470 231233 230482 273118 228495 227836 249518 243544 267874 260565 267124 263714 266095 256547 244873 240698 244907 205758 261858 
200253 226803 254153 249448 210096 228368 218455 255760 233721 213535 248027 235210 216819 219082 201396 224880 241476 221151 244748 208311 232772 211726 213671 259992 214270 229412 234025 212277 253574 251029 223000 240601 212001 206438 210084 222781 253855 220002 202438 228734 213878 220120 216025 274614 226442 201585 242895 240947 243448 267193 219785 230161 236754 232930 255434 223762 240541 246344 213336 232516 216289 225721 221601 230907 235697 250094 241792 243296 246998 232675 217042 225595 246465 235343 243481 216217 221221 219781 222508 232238 222169 211419 215963 222151 251370 204220 226296 238358 222652 220318 247762 230164 232693 235504 253102 229305 234927 220028 187700 236318 
218265 238965 235392 226729 198346 216288 215499 233462 245698 213426 221064 235262 221817 215832 185172 228854 227618 217343 242029 200526 208277 214466 205328 233972 219120 217388 210309 215912 241522 233046 207189 225892 199330 193402 209304 228975 241613 213476 209862 199594 237404 205386 189582 257829 219398 204599 219193 232830 238130 251010 188335 225331 228126 222669 246536 214644 221444 244423 187089 237366 208226 230508 223604 242812 217450 241004 241986 234607 227546 217483 222931 241558 228064 238510 227788 217682 211853 215337 233759 242688 222877 226425 214086 200186 238204 204201 206471 209054 236591 223505 222008 246643 230548 237307 240431 219946 243543 212569 203202 224147 
232122 212821 237957 241511 215995 220247 218876 247039 246112 207978 227210 244877 205013 223513 229081 254643 234987 241629 255292 197900 239446 234669 222559 247146 230296 250013 225736 250070 234520 251294 212673 260669 212335 219941 228903 226749 256428 236930 216316 223070 224964 220297 220306 275493 221142 218809 224171 241060 237544 253674 219717 242859 244544 226983 252727 242894 222326 225661 213312 248895 221205 244696 225070 254438 232942 263176 249224 245589 252135 236483 228875 240677 229893 258449 234747 231534 223566 231529 238932 241639 223761 236991 206144 214783 249422 214694 213406 235415 239252 235824 239537 242544 264462 238359 239241 233482 245842 227124 193411 251094 
230164 242673 233359 244593 224563 224831 225023 245917 255363 227796 238297 255189 225345 218205 204864 236603 263425 233748 267410 216091 226048 224735 215213 265205 219646 248638 231420 229419 262305 268547 223404 243704 228739 214619 229876 223886 251116 234650 224331 233427 233741 243168 218045 264633 238931 210301 232046 251446 254849 275491 234320 259189 246810 234412 242332 226339 241095 257322 210847 246241 238664 238152 234658 239410 241667 247810 243493 257024 253507 238305 242474 246519 249274 257223 240301 222094 237860 244981 226481 260262 236349 228779 205621 201979 258156 216183 229131 236150 252361 232119 244980 232469 257558 234158 260846 239024 242011 237624 201526 234455 
249113 255679 255949 260186 239997 244026 259448 265074 283912 246377 269116 260048 255681 247657 230617 268016 265801 259390 283240 231602 252171 252160 241589 290084 250835 265255 255915 269899 285734 269833 241674 286815 240141 226429 238947 254344 285163 250622 233292 234612 236828 240082 251648 281065 260353 239767 248599 278581 279165 294353 230674 265794 249186 264140 291057 267070 270639 286356 249357 283252 236828 264993 243928 260448 251409 259665 280587 283106 289692 273323 249292 271972 265106 268714 254355 250489 245747 242970 273397 297606 245307 254569 242726 250130 286627 238279 245125 261791 254016 275666 263165 281522 279041 272444 287161 255523 245244 244148 226946 271693 
224279 227221 249517 246788 210211 219740 220574 247895 245879 219150 246555 241162 213375 213642 198055 220080 226028 216633 240788 200652 221775 224288 219989 239274 232905 239745 224857 211794 251283 238357 244175 243255 212258 195987 215219 215922 235916 212214 218406 225814 225018 213298 218170 271944 198347 233068 208426 253783 245667 242378 228770 239067 230048 212303 269660 222578 237695 237950 211223 239307 217027 234767 206399 235365 236689 257231 253998 241662 251669 233270 210811 225525 227776 220701 230923 215061 224274 234190 231971 253217 241326 225974 221788 218107 244453 207698 238436 223704 230011 225340 250289 227201 231862 233062 262730 232584 223113 220900 188472 243580 
229984 240302 261810 259346 227645 239829 246640 252302 265743 241700 244838 267129 227975 236551 220011 245338 273013 238931 264446 213302 231530 223092 226363 281601 232007 231826 238542 244221 279018 259187 236984 261305 238638 218352 221275 231239 266108 241416 227136 247224 249608 233166 210890 286387 243284 230918 238085 266967 260869 283010 239788 262268 246139 247462 269703 252292 257470 261895 216733 256063 233752 249948 234721 254678 258164 253330 257313 257098 261902 258470 248033 251058 259858 265099 257904 231404 229643 239528 254343 258055 248982 247669 225118 232403 272080 223575 235805 250138 253564 241694 244734 246800 254884 246285 271218 245103 246458 240918 192792 266018 
222614 250694 270209 249268 233360 235971 222605 253623 253675 228505 249402 245382 233835 232037 222663 242895 254794 240898 265373 240556 248640 225142 226518 261290 236068 231650 228630 228569 269711 260547 236747 253419 234248 220503 238318 239414 270231 225317 227110 228912 246564 232216 207909 286953 235355 236638 244892 267543 251279 271526 229643 254246 246438 238408 284194 242508 255697 266206 201021 262190 230385 252155 242526 247504 234394 264325 265783 271376 263597 264704 243047 238177 259515 268966 241471 250120 223574 243490 254211 265124 254988 251584 244488 222009 268577 216294 245537 235484 249217 238491 251145 265040 248138 235179 260128 243492 250688 225397 214948 269464 
250455 253290 260228 268027 235979 247930 249680 272040 282167 230362 257541 259895 249180 248680 236825 261486 258406 250047 271211 227038 256774 242299 244091 279659 251708 267523 256357 253257 267472 291567 245221 270859 234542 220544 233169 244591 271259 252594 234868 253176 248419 237524 233191 285589 255534 246456 244858 259735 274998 284970 242611 255104 249953 241966 267481 252734 271419 255818 230788 264821 240353 259576 243604 256780 261379 270128 259752 280382 272771 251295 242085 262466 254986 267478 246425 229529 244631 249560 264899 267397 251329 243173 241426 236303 272877 236369 256485 259457 256877 252954 271082 266229 264361 245202 284568 253080 267344 256182 212352 275457 
244450 253309 269712 258871 231653 228149 227211 253838 251410 229609 249509 253994 213663 242902 212146 260296 239568 243852 260905 212100 232073 235527 229520 261503 249565 235232 233654 239406 255122 255670 237434 270674 246813 208922 232016 232972 262718 234469 225567 226748 230706 232790 226438 289217 248553 232256 239671 256221 242452 287035 225548 240597 242528 244926 286890 240343 262970 259597 222159 260058 218444 245698 221275 256217 239383 291058 250665 263949 252088 244878 249870 262584 258220 265436 256801 234595 224006 234696 240753 250941 253545 234086 229483 221825 270563 232076 227428 239794 252411 243955 257802 247388 249434 265343 256189 244793 240998 233331 201802 253986 
239169 237123 241520 252168 235491 247185 254943 254000 259795 228140 260025 258786 233384 231571 204519 272312 262509 243651 273283 228200 235519 249538 244001 269236 252821 245348 238443 239918 278167 269434 255046 283339 237353 222622 221167 229728 261529 229563 236271 228471 240471 224605 235075 270088 244081 224528 232748 273096 261580 290139 247901 246373 237204 263556 292063 244016 263461 275804 232116 263625 251762 240576 234096 251224 254440 253283 254807 257612 257750 239061 253598 261737 249684 257927 248896 233790 233037 241972 236770 281886 241403 238142 226365 221564 273863 232620 261671 227680 250183 239016 263503 239107 264269 242076 268613 220803 261877 243578 203066 237737 
211398 238872 242802 243386 206616 232306 213866 248904 249008 215618 227108 242179 212888 225150 209175 225300 248361 224261 252627 216256 232585 213770 230484 247537 227362 240871 236691 241941 245695 239469 221084 267564 224155 208652 204594 229961 250374 239112 206745 235683 234225 219573 212113 265879 239179 218357 244559 245662 253659 265362 230230 234207 236815 232528 268177 250918 263068 257771 211380 250931 229823 244819 230427 250686 236955 249784 250757 247831 256110 242433 226987 236024 241073 246354 251587 235766 235199 232279 235773 257216 242942 236446 220626 219472 244239 205289 231062 246507 238782 239732 234818 254403 246022 242297 245645 235883 246156 227991 199395 238064 
217128 222680 240431 231298 221835 232850 209877 236515 257164 221574 225731 234013 212373 213824 194608 236526 240230 214879 253111 206292 217755 225341 216082 257523 220492 231794 232342 229713 239536 226960 226310 249866 223236 199235 206222 213847 231412 203601 212429 224172 236629 209554 187939 254186 242868 221626 215614 238574 242241 240094 207606 214682 229593 233306 250169 227715 241219 243394 198976 251905 208501 230011 220260 230561 236652 240312 224334 238848 250163 235921 226227 223979 233829 248848 226576 218587 219191 223211 246008 247804 237400 231781 208828 203612 246036 206359 213957 226265 241431 219702 229784 248494 236383 225224 235846 220698 233016 214898 197605 236439 
241080 253128 269768 258131 258338 224314 249563 257135 252946 223686 245388 261544 222175 243385 229949 258887 256755 246315 255091 226943 234307 240131 231168 265131 243473 254540 262688 253152 277938 272262 236960 262060 236734 231563 242282 241987 264523 230736 237067 238300 257259 228527 217528 298124 240821 223316 241476 281291 259762 275042 244041 273297 259221 251426 273948 253738 270332 262254 219619 261855 242436 251053 232419 272154 236841 276843 263083 270227 253743 245554 258556 265488 277685 272496 268369 239205 237360 250595 247319 260209 254241 240576 240052 231663 273105 232825 264903 262861 265052 237225 238699 269491 249555 240108 278102 247043 262422 245175 219265 277370 
253363 250137 260697 256564 247902 232123 256102 273402 272531 231813 250382 258845 247167 244633 230605 267591 268203 248091 265541 231361 251333 258799 245615 266774 253128 260618 257798 259424 273187 270843 245557 284921 237211 224898 235882 249003 289066 255410 231842 246884 249679 239430 239657 288533 247979 234578 255752 275138 272991 314165 242501 280229 264409 255884 277252 267823 275603 276203 230957 268345 247146 258645 246260 262966 264586 268250 286697 275471 280628 276216 252609 259200 266786 272620 262644 236922 263594 256372 255108 279340 248906 236480 239561 227730 255045 235613 251742 254391 261216 265293 254756 272600 283861 251665 281247 232326 269438 256765 212771 251832 
246373 256127 264077 273584 244065 248346 249620 267561 272815 247817 258917 277276 224324 251148 234617 261547 285094 256659 275158 223565 250424 234302 248463 280575 250103 252276 246686 257968 276080 292841 245880 283194 255989 239665 237946 236789 271824 257566 222581 255989 250771 256265 214194 295822 252781 233142 269982 267918 273118 302628 238516 275614 261653 271745 287583 261627 263014 282903 240185 258394 239836 255549 247079 259059 264116 270999 271436 268067 276084 267295 269327 271983 267458 279952 276093 257313 246088 239906 248161 268745 258958 249000 244363 240073 271074 238376 254617 257752 268335 265453 258910 259823 275500 247658 280710 255172 270529 245130 208072 278128 
216165 226334 235279 231791 212617 223258 221743 246892 245547 206255 225162 238079 230605 214189 209225 249767 240493 238386 270439 207889 248324 234636 222109 256887 226507 231718 229777 216664 258650 250574 230992 248212 214079 212237 213997 229371 265706 230466 221736 219624 233535 231777 216940 278045 230100 226288 235441 250093 243607 267263 224260 219916 218855 218123 259205 222359 231158 259292 207211 255525 221413 234896 234935 239602 234760 236600 252259 260512 245092 247547 233200 242758 229283 253221 248214 220090 224640 232743 247195 261731 235639 232412 223394 220059 255469 218311 217415 237047 232264 232816 254431 231643 242656 245939 252431 226440 257205 215316 207493 244072 
222960 231011 242196 227832 197186 212069 218373 252609 262849 228840 231077 228817 221676 231683 206975 236063 238954 220937 249301 208934 205540 212458 225619 243982 241536 227197 222108 224360 249141 236782 230926 238972 223922 204427 205898 226651 256229 214021 218500 224170 232866 213455 192030 265484 241208 221784 233831 247088 247942 249183 220509 228982 228624 225877 257276 237770 250717 265350 209530 242277 205141 213977 229443 238359 233680 247124 246984 240234 245347 222298 226052 232698 258410 252722 215428 217595 215077 218394 224859 258075 236015 216469 224457 225086 245815 203945 229791 232487 224272 237633 224294 243964 234266 233305 246970 213928 222080 223856 197669 258912 
221018 226833 255936 254094 227244 252558 240301 262244 246202 233006 252470 250196 223434 227778 201700 254151 271286 245392 261487 219803 253225 252910 218225 256921 246376 233969 244747 238251 267572 251444 235352 273985 234828 237849 222211 216930 268146 244680 236869 244910 228776 244283 231426 279722 252045 217880 237439 276076 245367 277592 240627 255349 262633 248166 259807 259225 247927 279158 226879 261633 221699 236967 216935 249865 241288 258018 271466 242058 273506 259186 254322 239453 246976 261169 257897 241071 247792 244086 256174 262001 236173 246619 229903 242792 264241 222859 226496 240795 258933 245683 259938 253669 261562 262789 276354 248821 242362 215718 207269 248693 
236137 220425 264641 240464 227312 251978 238562 257251 250058 242513 242420 259086 220456 224661 202541 256094 255296 224769 256360 228353 243188 238137 226777 277890 252795 229771 231094 238986 268139 256371 224754 261152 232788 219933 230653 240598 263585 225973 223861 216980 245027 214488 222645 281550 236932 226768 221588 262961 253678 268681 230828 246056 233709 246310 262922 239298 253023 256292 229275 259116 230989 243574 240368 252979 254223 249529 256258 243243 242489 232968 240088 234372 243439 255725 248049 261119 218475 230659 248912 252564 231190 241956 220210 238423 257693 221133 239002 229674 242093 230417 242482 247308 265582 253410 272670 221970 253441 230170 216584 258498 
266932 261257 280664 270263 250131 243644 265314 276923 280816 255521 268245 282453 256260 263375 243054 293869 260913 266313 291386 242367 265890 266671 230907 278335 272090 269054 258929 270847 268163 280291 270913 276464 252300 244286 246355 252407 291750 252871 239090 241832 247587 250650 244087 308380 254147 251739 252272 294113 281935 306062 257830 266317 253454 268324 297689 269012 274535 291902 255729 282614 247227 275594 259372 283965 277766 300638 286066 300318 286441 291172 257074 264789 279532 280770 276540 255883 262379 257204 268546 295534 263141 243623 249277 255171 279317 235251 253465 272114 266043 265111 288602 267624 290380 278600 285606 259375 260732 261943 231478 282670 
249239 254471 268648 276608 243249 249433 245221 280752 276125 245613 266393 269512 236894 256143 236210 267148 268831 262578 276069 239708 233361 258306 247360 296474 268712 271187 262000 274752 284929 283882 266127 296712 244378 250850 237382 261174 284598 242579 231607 261398 273110 246904 224204 298388 262066 247189 267497 295253 262795 300168 262554 267958 279180 264445 290627 271930 277588 280777 236653 291289 253470 244432 247688 275381 268786 284937 288937 275359 292731 258662 258504 281741 272801 272307 281128 238710 251321 259674 266484 280781 273162 242506 266915 235010 284137 238037 252703 266385 275723 260976 277818 273989 271505 276494 280063 261873 262880 254338 208081 277304 
223640 226842 236984 238455 225946 244049 228706 234978 241425 211375 225526 249401 209963 208694 208385 224084 250516 221006 247809 214403 230790 238722 217596 253328 228917 232679 216183 230100 249317 251558 221175 254860 228403 227982 220670 211051 251840 226801 212537 226850 243470 224006 208229 254570 229823 211383 229383 249388 250113 270451 231279 236904 231068 238274 275472 242164 244032 254619 200513 255169 235541 227112 212224 239208 235023 248534 242038 228891 250293 240960 243530 231469 236347 240570 252940 216659 225138 228289 238357 254741 231372 229472 207794 210759 240176 197806 232689 232561 254778 227931 245112 236944 255011 243484 249393 228390 236518 229397 192168 240870 
235507 253130 276132 254576 226419 248041 244661 265725 260440 235250 229862 260234 229396 233754 232979 264500 244479 241252 255300 238380 242262 230283 231759 276986 229680 241162 240290 241163 276453 259846 242812 266212 234838 235256 206752 233780 264185 232595 224926 233894 250839 225688 225204 280117 241446 230843 238750 260192 253540 282771 247373 238833 240085 250748 275485 247000 267448 269544 221137 273841 226860 256242 215701 253874 245442 266702 272666 259923 272882 266087 236732 241202 258737 265742 265413 224329 226922 237980 238273 273254 242467 244228 236425 217981 252412 206241 238941 253039 250561 235505 254650 245270 266070 257258 270210 239674 252949 255303 199275 254041 
243232 259438 261003 250311 235553 228721 233707 275311 262006 240486 261795 273968 234592 237800 222965 262439 268095 248690 293366 222490 250797 259483 222961 265107 261751 255834 247656 239695 263505 269948 259816 266456 246309 230205 250249 237796 260539 251884 229094 253279 245012 247954 224584 295821 251688 225373 250597 278721 255893 299913 244621 255288 271793 236430 260429 258079 266842 281506 227204 253313 249053 251811 249303 269794 275936 275878 277423 276898 282186 254060 257664 258432 254720 279220 280532 255626 249578 251229 259487 273721 258680 245000 250145 235185 269872 232533 234496 248948 269024 253046 262080 251618 260612 260845 283364 243854 265998 248598 229747 257834 
240948 247505 279460 259423 223722 261276 259164 275506 285404 244065 262677 266338 247369 236507 226040 283381 269526 245832 272610 224899 267136 239059 249816 272492 261055 259100 257669 248581 270462 282026 260769 289253 235024 236610 229726 246785 281522 242232 240742 251161 246024 235600 241743 305234 248302 238551 263182 281667 270253 292744 245775 247894 264826 254261 275708 255348 279433 277737 231515 255314 237886 250861 240504 280662 266057 269706 277673 259997 275980 256891 255872 270291 267648 280764 265164 239625 244910 255727 261827 278264 254908 250482 240596 244963 271643 232402 244226 257926 248618 244889 268299 242144 275074 252096 276216 254251 273783 249297 213929 271680 
253491 251580 255718 269794 236148 245758 257081 261931 281049 236850 249555 265409 238500 250295 240434 260206 272247 256292 276705 234588 240688 238613 228699 289622 246381 260952 252681 261028 283110 264938 255082 266544 246256 232269 250337 239754 290281 249313 238071 240472 250924 252092 225908 290626 270983 235098 258067 273082 268173 284070 258930 257811 265472 258969 283096 257027 274518 287411 220382 284657 252419 265027 248329 262032 272622 271282 274637 279684 285184 272789 269060 252755 268874 272781 280267 250211 253542 242817 248874 276591 264011 259158 256327 223921 271341 230339 259484 262039 270374 246915 250145 275618 258919 251610 269077 260362 260164 261516 201550 273093 
210549 215286 245711 228529 210531 224298 229328 271632 244034 216941 223834 228273 210646 220032 219545 240153 250825 230276 254846 194348 218266 222213 232370 241624 215889 230038 233931 223211 256092 244990 233214 245641 221512 208524 219426 213140 243774 236983 197683 236303 239546 216416 203620 261691 220591 216661 230254 266243 242172 263529 217173 240687 241463 233254 248088 245306 234694 234701 216016 235534 213463 206249 212450 241996 229848 239852 250624 232389 247491 224717 225202 240528 241571 261552 251884 225444 224139 218743 230956 247823 238532 221221 225435 220726 244093 199808 212100 229533 231154 223722 248386 240595 256975 240876 242923 219897 245052 222133 186046 254301 
255422 250109 271467 263122 217399 237763 248366 271733 274397 242898 250845 266317 234913 237612 217838 256884 272473 250954 270563 229009 253037 240016 235779 271270 239672 245704 248263 261441 281111 275679 232491 272282 228544 248997 227135 247366 267466 231972 224721 238737 256193 239251 230319 286901 250965 222703 246388 281984 256013 285146 255541 274242 250679 257879 273601 258949 260278 261387 224940 262556 236845 253300 247366 263765 251855 271225 262165 256593 276236 269017 248391 262326 249596 285295 259691 242510 251018 254646 256412 273579 259191 249284 240462 232986 278722 231443 246586 257161 259801 253526 255730 268916 262476 250342 259624 257262 250107 245264 214940 265943 
238320 250352 281049 258325 243670 239717 240630 261527 278078 239758 242369 263833 232930 231495 227575 266693 268356 241641 267366 228026 247090 249675 236035 272704 252853 243412 266390 251172 286902 248977 244518 281538 257129 226516 243257 241649 286237 247648 239933 242687 259797 238559 231680 299568 249338 239665 263482 271217 261729 288163 244175 264165 262922 254885 290074 251041 266196 283131 241996 271918 242574 263146 239325 272315 253095 275228 278716 271174 269006 270276 253200 275381 271167 283000 271041 247498 249793 258321 260610 271829 263922 261340 236523 235659 269608 228597 237565 254054 258600 251368 255415 263975 263929 266312 268624 249071 266718 241303 219628 270734 
231484 242263 251149 261352 236048 234097 235493 266398 261025 239836 248711 264960 228415 225758 219819 246722 257681 234681 258438 222794 232831 219673 221809 273867 246072 257692 238143 263785 268978 274614 236748 254024 243126 217656 246363 245785 265847 252223 240135 232586 243888 237801 218952 282486 237802 227100 233482 264035 236874 279204 233536 273479 258950 257878 280031 248831 262087 256953 244026 258033 222930 237298 223684 260452 254489 267521 252398 263857 255474 260009 234028 234621 253318 263029 261538 241710 243575 245248 245534 252507 257585 225755 219922 236314 259659 224945 237119 239692 258765 236421 253125 263721 262120 265889 270648 246685 227022 244330 204255 257810 
224078 234271 248366 242306 224736 221168 218862 231437 241980 221921 240682 250783 221266 213543 204616 239796 251111 225129 243157 213607 228319 226033 216030 264873 234070 242935 235077 236097 266920 253811 222904 233410 227826 207035 217712 243656 244936 227090 217261 235316 232082 223595 218614 241726 227136 210593 219997 245051 236924 271634 207815 249313 246367 226957 263193 229320 247143 259673 211633 250924 216741 230455 223932 226999 235953 251844 229676 247621 243316 249698 227736 226746 238315 247685 241301 223355 228271 227340 236102 252848 231859 217622 214845 214540 248305 214478 214988 236238 248750 219816 233380 238028 248502 240514 258997 238247 228462 236328 199429 236826 
232501 228934 243460 240110 204350 225034 228750 243179 252366 230652 222421 234702 222094 222073 203041 242509 242375 224810 251715 196447 242820 230354 231606 255099 234469 236416 230647 239721 257362 248814 231965 254983 227405 229398 211240 235234 260747 232048 204229 233760 245544 228729 226166 278881 231172 219277 230957 262336 236379 267668 228547 235824 226027 221087 259568 226254 246931 246083 221508 259839 234543 241255 239040 241126 234489 242152 258668 239006 247399 246170 227339 237414 240812 247028 231893 239575 226430 243175 248796 250696 241725 241090 223880 242537 243818 213370 238014 248776 226823 240179 238900 243150 252420 252120 255250 223146 246729 230018 207963 244899 
244652 242906 266402 259914 233927 252036 243099 259884 267512 243088 246358 252926 237118 231104 219615 253279 258003 251448 248462 241031 247789 254084 226101 268803 249216 263670 242620 233475 268907 254132 258875 274828 250957 231236 234807 240417 267959 238795 234671 249911 242258 247137 234517 289508 246069 237119 251198 259421 261127 278596 241857 242333 247808 256480 278890 259108 276067 277838 216848 275901 242155 246658 220206 249210 262842 260474 267271 256458 280691 266204 252108 238224 247501 256343 264519 238824 243716 232655 244190 268843 236067 252692 251104 220947 255543 213592 245544 228194 258671 247471 257753 258883 275337 260356 273834 240413 248319 244158 210149 270068 
248774 260748 267148 248636 238955 236622 259678 271067 270684 235260 257424 266863 243937 235550 224669 261842 273757 252274 264789 218926 243823 247183 244247 264765 242973 250062 257234 255313 279523 278683 250148 273564 234098 230042 236914 241910 257916 245830 218326 259693 243256 233574 239593 276953 245317 229903 245316 281233 270843 304134 237458 270746 255572 256324 281184 267532 285833 266562 242470 257395 229368 253015 234392 263592 260062 268267 260268 267014 266797 263229 239076 265714 265112 269922 270264 236121 252987 247496 258876 282667 260772 236767 236247 248519 270316 233547 250322 270852 257533 261028 265560 263972 273283 265436 272666 243267 254146 255889 215337 273424 
228796 221541 229763 232364 228227 224678 245707 242495 242380 221845 224038 228017 235953 229807 211529 246262 250601 238632 255309 205518 228307 226051 230667 247378 222187 235254 245946 229970 253401 234735 225817 251034 223906 194692 208185 238368 271991 229874 204153 210944 218565 211186 211160 261643 228130 218148 229052 260958 245671 285782 228790 242163 235678 230024 254256 222863 241094 249737 211224 260946 228174 241202 230405 237106 230313 238935 263993 259648 242213 251297 242786 254942 251353 251555 250585 215870 236096 231822 243054 264918 236053 237137 221861 225170 257019 212012 228872 233568 234654 226042 240013 254430 247995 235916 230389 231010 254342 229376 202030 236243 
266345 253566 285146 270656 240478 248725 268382 283726 271068 256703 268411 286678 250013 254783 229565 269825 265862 253640 276832 226985 257621 259008 242913 291301 266921 264571 268429 257854 310593 283873 265794 289042 263378 230483 237550 272615 295772 246690 240740 262067 261976 257737 249432 295495 271895 252010 260756 286459 263272 294217 249320 263479 268079 268181 305158 270452 289984 292185 241260 270082 265359 249505 250229 262445 258627 288966 279640 286281 287467 269797 268997 271568 278407 279945 259778 244344 244860 273354 263154 285023 262704 245226 256359 242972 290700 246586 242146 269456 273654 270209 280343 261678 298447 269558 294159 259217 273151 274785 224432 270953 
269372 254879 256203 273036 240283 244370 258523 272112 280327 246924 271307 269198 240103 238715 230344 264924 264242 253146 281752 226649 248161 252417 246356 272582 272558 251968 257824 262868 276020 281419 259809 287056 256566 226145 238766 249535 271372 248456 235186 252164 258760 246780 232583 295305 247409 243731 246372 278378 269517 299864 252804 272643 263492 258415 298406 272872 290331 279082 237763 275825 237173 240973 239422 274358 272301 267624 287766 272286 282445 248824 256123 274584 267252 267098 261592 241950 257255 248132 261595 292644 260443 239838 234445 232296 281226 248236 255728 258612 274617 251932 272611 259579 293885 272042 271969 259017 243223 246721 216770 269524 
238111 228648 244425 247069 210543 242935 236189 233000 241272 206735 238685 243916 216391 218033 211845 245102 252783 238439 230074 200394 230542 223104 225935 251242 249912 242159 233061 251711 259167 245734 221689 276527 218456 202711 227176 232165 269454 224824 220939 212853 221705 225212 218605 266708 231113 197524 236563 255656 249326 276595 239303 234429 225897 242192 259139 243492 249831 263306 224651 247701 220708 242631 229962 245386 239237 243108 258441 243685 245886 257728 228509 250405 246128 229725 238803 236353 235660 236286 246095 253510 235078 228552 210383 208712 244154 219276 236727 242902 255915 224021 243685 225476 242113 240711 244639 243972 254629 231265 182311 262140 
238025 229470 269470 252461 236859 227876 238438 266901 266689 249085 228612 255915 221538 237555 225783 256744 254178 246487 260577 217269 240176 243256 231577 257743 237037 243281 243906 235865 276094 250424 236266 262454 250742 225219 222119 228188 260314 232837 226502 234126 246506 236025 216227 294292 235513 221372 220981 263162 253380 270177 246597 275847 246543 249497 275144 247386 268208 259150 224469 255362 231625 239852 234401 267182 251752 262196 261117 253468 267516 269153 248671 241978 255773 275069 261880 231732 249953 244378 241592 268064 256008 249762 226294 239726 264606 213382 241540 261237 256133 234360 236181 255724 258376 247496 259754 240612 251260 233900 213534 268361 
257815 236637 270382 259956 232504 241832 237006 259816 248474 242636 245185 260604 234174 239007 232643 249019 250779 234849 258854 225270 242208 248672 240045 290151 250951 251089 243119 231256 277078 259641 232933 274096 245533 225876 244567 246956 269349 249977 227881 221719 257096 247239 219628 294401 239579 234459 246038 269315 259150 279796 240418 255489 267565 261059 280476 263338 255037 277898 235117 265363 248322 241965 224376 252570 261993 274588 270294 268826 254171 242959 246213 253775 252267 254601 244030 251894 241356 251402 255673 270802 240831 249395 246780 221106 274632 219479 247085 245429 280449 243638 257022 265639 284250 261518 274190 232208 247216 249598 228740 268113 
257181 263423 283979 277416 246497 261554 259443 283172 291453 248854 272904 262207 245329 248667 236085 272471 290397 269513 267348 232446 249513 267611 268160 282242 251992 275484 277861 266678 287946 282423 270266 290820 243235 231378 234476 258138 286910 255281 248894 278588 263335 253680 245701 300983 269699 256388 261307 278545 281261 306557 256396 265799 288661 256305 288405 279252 281223 279898 231185 280653 241997 263122 242017 261134 271676 283406 282597 274602 302089 283204 243919 266015 288705 273219 277347 233111 271677 281651 268137 285734 267242 275943 249380 252817 275715 221905 265851 269300 269194 267396 266923 263909 273585 268414 291332 265154 260475 242780 215068 274391 
231039 217113 239890 231138 208336 213782 222186 234290 226601 217411 224771 222444 206930 210941 202737 231036 241877 231532 255004 201426 228217 224551 212085 239749 215432 233507 216517 211969 244171 245300 221992 239384 207370 202358 214010 216778 233084 221863 200567 217165 229501 231492 209788 247818 219482 214921 226559 245152 249831 247358 208297 225645 228164 212436 240215 228663 223971 239136 199321 230113 222834 222722 215880 221290 224471 236748 233552 237592 241682 226100 234311 228305 238210 242466 242800 230553 229798 226838 224348 237450 222639 219842 212844 208313 235767 195561 211095 215792 220517 225999 235846 227570 246806 214939 255014 227668 236426 228628 196042 244600 
225895 247931 250133 253951 219266 247933 217296 259181 247737 234255 242331 242292 208459 227573 189572 262633 265415 245895 268248 217209 209224 217185 216368 248640 220132 235471 223915 235945 249228 253778 238908 250071 219391 209549 208583 231178 256834 228552 225243 237478 228404 238233 213168 275396 237461 218820 240194 246156 238434 264507 223444 234169 237247 243052 259242 235286 246837 247172 207918 242857 197569 226977 232478 241735 250002 246896 246226 257740 238573 233929 223469 231693 244189 261717 250914 226707 224401 245685 245869 258949 238726 238317 217690 219729 258214 216785 223150 223116 231138 239023 244221 246295 259154 247228 253848 229361 234570 222171 194774 247998 
228343 252028 273601 278054 243256 250085 249466 266900 280672 224090 253505 267498 241604 234293 243981 262057 268960 237992 259372 240769 255611 242404 239091 280641 250257 255519 253613 248670 296214 272737 246482 275399 245710 239284 244291 249674 280732 228447 236833 252805 267372 218937 232183 300662 258543 248186 250561 290378 258980 286624 239316 259923 262828 253744 294321 256651 270610 273717 230589 269782 247965 249983 252685 260784 265208 288404 268001 270267 268875 249363 252085 264466 257255 262580 268590 248102 243341 241578 264991 260835 245184 235466 244491 238086 270351 232895 256145 260942 261661 251451 272252 268696 259278 255703 275415 245749 267727 246306 225334 270426 
225849 220733 256677 219227 206139 220179 227154 242446 238115 217690 213013 222229 223318 201949 215455 238537 241849 218650 239152 217985 226887 231525 221445 252094 235289 225199 236099 227324 245083 235650 214682 265881 217035 217503 210601 208183 253982 223949 207535 219195 245639 214113 206918 262278 216712 215288 216666 251955 230571 258816 230221 236066 232554 212107 257141 229731 234624 243344 215339 247999 229648 237977 218048 241595 234213 241591 250800 233984 240674 227356 222146 249934 239643 252261 230155 214614 209543 223205 261634 249054 233265 231733 227897 217721 249957 209365 229145 227709 233583 222782 229534 237125 244471 234645 257513 225089 228890 219964 202608 242579 
230394 216788 251066 233272 214262 236217 239213 243782 246629 234577 226010 230471 224385 226838 208782 246619 258849 232512 263356 215917 233296 227266 222385 250696 227963 237436 235700 226086 259612 242892 241087 237389 206167 205722 206901 221454 264193 222614 207348 218550 248871 232558 209753 265678 219957 217438 233002 265774 251310 265805 228815 235364 225018 244914 243109 234395 240781 270475 218810 256979 231112 236310 220094 265140 234749 251719 252858 243328 259210 247287 237543 240177 263270 240137 263210 235167 233192 245012 238289 263643 238915 237779 208002 224354 252494 206208 221910 237779 245684 231715 233743 233001 255906 232317 257817 221735 253962 243720 200202 249301 
260932 241408 258469 266352 254819 244252 251127 294464 260720 257898 258970 258389 235384 234507 234663 271145 275226 268893 277438 246503 241151 261344 222932 267763 235608 264574 256242 244578 282504 274566 247707 271551 250734 227728 235093 250747 282605 237204 224083 233675 250806 251411 230727 290214 259761 227791 228902 271773 250691 283851 233647 267580 265328 251926 283430 252167 264535 268342 230897 281607 239422 242534 241354 256368 265612 279087 258571 276631 264830 251290 247060 253995 275156 287112 266564 237461 253460 243164 254530 262897 239010 244101 232628 231125 283289 228873 244739 243657 271473 250940 267190 275258 270768 270665 266944 243983 252928 246481 216271 272719 
232029 234879 265533 248148 224950 219079 236280 253541 250189 215750 233025 245877 222514 221042 209641 246307 247172 233896 241761 212294 236406 232127 222361 237414 246163 230479 232627 249421 263393 255342 228652 263079 226772 216642 226789 230088 258778 223860 214091 225688 237575 227605 208319 273404 220891 219334 225093 264652 232909 259390 225255 251861 243271 244031 278359 243133 248995 257061 226971 246236 217692 242473 219761 247674 238171 256033 274744 260365 246407 252315 244674 240483 247560 256628 245892 221803 234060 247631 231740 258706 253052 236240 233690 214434 256733 226437 243343 230629 243802 231632 240445 233045 249080 239364 242779 235634 253502 223903 190016 249474 
215359 217073 240585 223170 196911 195874 227469 230869 225072 221171 210521 235031 214026 205340 192554 221626 231630 229060 235865 181990 217298 225469 207913 240063 206765 226904 227736 210392 248584 225594 209310 240350 209327 207619 215695 214549 235848 215708 197485 205938 210687 228702 211759 263941 224486 207333 215350 244918 230349 256267 201557 243542 228507 223742 239853 225425 221121 236930 200244 240356 202102 221274 203452 228503 216372 241903 252090 231629 247280 249650 227624 222237 215198 249666 226827 215895 233318 222225 219591 226572 230337 242078 220338 207276 230433 202285 191339 227495 227347 232842 231675 238008 251881 242118 239485 237265 231619 222563 197814 236449 
248098 259984 270681 258164 221173 261078 250984 272353 273299 243356 267289 260877 228745 234136 220037 248281 290904 236610 292500 240129 238528 239951 239751 278532 238047 252589 241030 246500 279547 269486 256819 264491 229299 233850 232477 238722 266304 258263 222541 245488 269517 246003 234004 280894 263388 246330 251543 271435 280782 286956 225711 241479 251678 240686 279996 251076 266031 273235 228268 267712 226733 254194 241811 259924 251592 274211 271701 242806 274296 253736 237416 251792 271111 265202 273383 254783 250182 237639 262853 276541 249859 261481 235463 240177 270047 233310 237094 252795 253266 268669 264131 276104 257273 264385 297221 253846 253148 232722 213216 267682 
216197 217244 236324 230512 200101 230513 211951 245408 241976 211211 220784 250276 198077 206262 206547 242285 244936 224858 257458 205698 222777 223575 208611 243541 222889 227635 210335 231863 253915 242994 210313 238684 237886 219468 206282 215028 240831 216792 203560 229583 232920 210926 213528 262733 221762 206112 214586 250669 225148 259449 208119 239260 231441 229393 244737 236662 245922 238343 213629 246978 214622 224445 206149 229482 246112 235542 247502 252642 242863 220462 218410 217816 237081 248430 261780 217789 225126 217991 235828 256826 212004 207893 196514 199965 240736 198884 212577 224139 223974 222947 239135 238291 260830 228486 227272 224695 236452 226659 179678 234238 
279916 283480 288047 281395 278148 267119 270942 291959 305195 262860 295186 301137 279207 273410 242153 299216 300399 273420 291986 262073 269746 267885 258794 321493 283036 278837 288092 280225 322528 294184 282684 302756 279308 242983 265272 279263 315931 282254 262413 285838 261910 262297 259433 307573 282726 266795 279903 299408 299849 326114 280025 292390 286479 287451 319931 275882 318295 317464 260216 294756 270128 282972 269859 291746 300943 294416 305190 316335 297050 289736 291148 294632 305974 293152 288154 267135 271944 278903 277922 318996 281553 272807 270385 258100 305537 250423 281405 298330 294383 284614 296958 283080 306765 295663 308670 277449 275571 276388 237965 302554 
232351 250983 263827 247893 208749 222765 237365 249869 252664 222930 256118 261302 237521 240830 222548 245956 257707 231757 259071 215711 231643 235058 228083 273145 225389 248182 249677 248019 265758 267653 240006 247364 215656 200549 220299 244741 255497 241687 202253 236114 237929 216688 226220 263106 235424 220165 233909 265082 267936 277977 235309 242395 242369 224169 253677 250350 260310 261332 230846 248174 238149 253248 237185 255487 258173 264310 266296 271979 259954 242086 227641 255718 256495 250897 260550 233683 239066 242548 247797 272041 235668 238457 238143 218205 261340 220619 243973 262688 241849 233973 244593 241467 254437 238027 267487 242396 260247 252301 205092 252546 
225797 222208 247821 252161 225821 219558 230718 246600 235525 211640 231873 244730 208721 229338 225495 239619 234102 218113 241360 205970 228570 209657 196786 244893 228704 230054 216182 239748 235152 244471 214928 244351 204494 200662 220024 224902 252596 230457 213692 209513 221655 211789 198575 256506 216674 196865 235951 244141 238936 269998 229373 237410 238126 226620 250457 234216 239104 242448 217683 250113 206059 230772 215104 242474 240941 254489 252924 238805 249844 245702 240763 243248 252491 252468 241035 221371 223282 212339 225145 240171 219185 214455 211020 204181 234916 220331 227891 232020 245094 225997 233752 231903 237900 228132 238108 229617 239255 244955 185990 235464 
219187 217320 228442 232280 206822 206210 223133 233336 256982 208961 224136 243124 208496 222432 203426 223984 237865 211379 244709 203264 208732 200751 213858 251368 231215 227293 220868 223668 255857 233491 225994 242321 212471 201322 199864 232867 239946 226675 205732 234441 225214 207171 193224 251278 221124 223021 221140 241000 228827 263043 219038 227844 229622 219071 254578 224471 252806 241455 198879 242020 220060 221972 207010 233598 240466 244080 242491 253271 241876 219785 220817 232939 237239 230223 239849 197784 210889 224324 218546 244634 233892 216300 226512 206751 228389 186904 220363 227536 228067 220014 243497 230053 242993 228120 248585 220826 225532 233666 185494 235703 
205546 207892 227205 229349 218815 202739 211588 225291 235797 192836 226122 225918 207227 210576 204524 226905 230835 205177 235165 214776 228093 213199 203082 249053 217556 220203 219105 216241 228585 243547 212991 230603 222160 196898 220384 215742 248578 233202 193930 217501 229101 218771 193446 263586 199290 212119 212879 233448 236478 261262 193615 233313 230829 219046 243197 220571 214634 240094 212608 239353 217194 226292 208198 227088 207481 244418 230576 242020 233626 232107 206125 226437 239315 224486 210581 216647 213210 221320 219302 237346 213621 213091 194220 202047 227046 207687 222750 219285 232052 219256 229275 234631 244754 225528 244218 208135 232011 213450 189070 225061 
232210 233978 253357 239541 231187 245756 225077 259010 248136 220966 232765 236278 209421 233378 206925 253968 253901 236344 273667 235494 240123 233298 231029 271575 227042 223392 232959 237305 264963 255557 232512 263727 239646 206495 197404 229372 255117 236132 221154 235476 241106 220519 204378 280916 239663 231689 234261 252014 234357 268249 241279 240049 232547 232267 265416 229538 246602 259279 207859 250768 236175 235655 236494 242154 236117 240389 237975 259642 240833 234464 233202 241398 255620 261270 248563 235094 214908 238636 240154 259818 237639 243573 224023 229826 252664 205728 235128 239232 223747 233703 239902 252387 244617 226865 254438 228228 249414 222158 205812 253816 
222438 220014 237609 242598 217824 218356 210969 253792 263055 209117 214681 255099 221276 212845 196023 246201 245765 216584 247166 205903 217402 235617 213001 247874 228196 237422 226821 230189 235627 245757 228483 249062 219647 217159 230293 222080 252392 229698 212289 230914 230527 221598 206340 270835 222038 211367 233003 252234 230942 260718 202626 238168 249214 217820 255283 221692 226189 241184 217414 244669 219843 226457 224575 247251 252717 257414 245204 236760 254243 223356 227632 240071 219552 247605 243127 209802 232382 215789 228793 245767 230685 225622 221046 218075 233969 214168 219149 237430 241127 220470 241714 235539 244721 254764 251479 218653 238982 232414 204775 232050 
208895 220289 255345 230914 195939 243568 221326 239348 241220 224017 220426 231162 217274 215497 205029 243887 243824 215254 244111 204693 248519 204594 226574 243956 233848 232109 219665 230363 232533 240088 221494 249751 210068 205916 215662 225168 251721 229400 219160 228736 228314 209262 220725 259947 210702 227422 227461 258828 241859 255977 211464 213545 221463 229146 249947 244171 232860 237636 218045 239606 206878 230066 217198 242824 234953 240777 242577 223602 250502 236543 220123 229713 234082 243319 245704 240500 215708 224334 258907 259949 232017 235093 209145 239055 237912 192059 217792 224445 228012 228852 243156 227101 249412 238185 257888 233066 235197 228111 197236 236846 
238700 240331 246926 270018 227584 228337 231997 248491 257309 220638 247090 233725 235622 245357 224668 254606 260786 248216 267999 225241 246842 230376 228288 261271 251406 249171 229338 244493 258125 260683 241389 258107 222021 210421 229598 245503 267416 244066 216843 223053 227240 235395 216220 259994 239327 210544 231644 260935 248103 282116 209507 241459 236768 250994 263112 242322 235543 255908 224134 255363 223965 233979 254056 246695 218620 266185 246652 259959 245694 251016 245347 249009 246890 247406 232189 245024 229866 227751 242941 261409 235855 223024 211315 237247 257246 238056 214892 247942 243880 239908 247293 247681 256545 239953 257278 235238 250655 230247 210822 268137 
225307 239579 248556 257364 216455 233425 225951 253214 250385 219310 234283 234435 221491 222675 220306 243938 235678 229902 261800 214744 240372 227556 226147 245933 234358 240501 211782 231947 255320 254627 228531 251520 221366 217342 207067 228230 230878 218722 212555 227607 239355 214248 213475 264594 226731 208398 219188 260632 237268 249305 217356 240172 234194 232995 275992 247422 245603 240608 215469 256463 220668 232942 227425 230568 235367 252916 246578 250326 248760 239963 243198 228523 239077 243985 236292 235361 223417 217697 241120 254905 241636 209708 217768 233386 245913 215442 219541 238944 227149 225422 250616 231807 254571 232271 234047 218630 243641 237067 199182 252132 
259505 260562 295145 269861 244610 250170 262434 275685 282332 243105 264413 273177 253004 271392 246571 278962 282845 260604 283091 241410 254914 267473 252968 289244 265751 263002 259562 255109 288697 278578 266293 295540 267460 233933 251484 246837 289838 266847 243630 251964 265018 261380 237418 311808 268272 239541 274137 288673 275702 293653 266675 260010 283812 275905 290415 270652 271088 305794 260976 273612 258988 260300 249594 259569 263150 283814 296640 288767 282229 275975 277833 274067 289293 284615 268910 264021 259977 267553 255615 285113 277702 259441 257997 257145 280071 254883 263179 264399 271902 275900 278129 262179 278614 262616 284651 265028 273890 254377 234627 281146 
236671 236276 275870 249769 224004 241574 250833 251488 253529 249210 234829 259252 222050 238602 231229 246788 265940 257162 268714 218989 251097 239429 233479 276818 243303 235974 246554 250105 273869 264516 231898 276055 244675 232574 229932 244955 278734 230419 217771 245157 226962 227811 238649 293603 242804 230823 238697 285173 256317 279296 249976 261860 240281 251941 265079 266276 263351 264584 229952 260773 239529 244154 233951 263282 266198 273464 275351 260002 274619 257589 246850 245425 263379 266122 283228 241497 245311 230237 254167 266654 246216 244807 236513 231525 283188 228166 237200 265076 252445 233556 256177 255789 265869 266986 277103 254168 250544 243272 213802 256063 
246750 246149 266607 249677 230937 229968 240679 249269 271948 228098 237480 253435 229824 231221 214780 252686 245588 244743 258328 212614 227515 241712 230459 263664 228022 257327 255635 247529 255088 261550 241221 257975 227567 224716 226209 242391 271720 235327 211443 246576 242636 238193 229285 272223 256203 238924 231740 259644 254393 272372 228200 230667 246144 246068 278311 238137 257027 256607 216323 273914 216193 249704 231606 246388 238855 263619 260925 261913 261542 258632 218475 226921 267865 254897 251409 218968 255350 252296 250939 254341 251544 249837 229993 234111 252315 219438 225491 257250 250123 241158 263467 257441 258516 266785 256486 242423 236735 247430 207562 244425 
218623 231998 244066 247109 208577 211788 218723 219277 227651 214112 206644 250935 195237 231001 206434 243219 244979 223643 258703 208141 211745 218143 199906 246525 212099 218041 216664 206533 254964 237834 216730 237773 231010 207376 206495 221832 237257 226821 217431 209246 237098 223498 208577 274994 223961 223891 228295 257522 219916 273865 213028 227365 227681 224305 240479 224882 241991 257583 200433 250884 208910 221516 211092 243633 218331 250033 241178 246191 234625 226100 232810 237868 228610 248865 239507 216020 222812 218287 218997 248737 223667 241437 221973 205831 239040 206424 205318 217287 220957 224054 226431 246717 239369 228522 243883 232312 237692 236302 192973 233256 
250487 254176 266285 281487 245937 269903 254935 263580 270503 251068 260265 283373 239031 268008 231059 281412 293727 256886 284673 231998 251615 258193 253035 273423 259162 267360 255263 253823 275642 271796 273908 277094 251646 229239 258354 247050 301216 264401 249426 262984 253097 268623 252154 303501 248400 259294 265929 294361 281052 303462 257757 270287 259995 258580 284469 267804 276065 285615 247116 270316 243404 267826 251301 276386 283812 292115 287282 280756 277146 264902 267166 267176 268609 271465 281284 267375 269109 255718 270267 290888 262122 265917 242113 245853 272066 239316 257394 273586 278885 256302 283663 273446 288643 277181 290142 264559 263508 263140 223026 279848 
256916 243292 255392 263223 239543 239658 241607 262137 263608 237306 252783 267627 224928 247727 237338 250910 271510 257593 263681 216040 251044 270245 238051 288298 253679 269264 254714 250127 282833 265794 262745 285311 251926 236559 238204 245434 277645 260797 213593 248249 241309 256255 250555 290200 262989 241862 249241 268332 253735 300100 253029 261150 247821 241404 286057 255598 258604 278275 247376 279282 250880 253648 247327 256780 252350 285273 275432 257384 278220 266611 245011 270216 253724 249950 259953 246541 258912 248256 256225 281904 250195 266444 249109 233107 282520 243076 258224 255748 254734 264237 268574 265127 265743 281246 271983 246526 253490 238670 206124 267392 
229254 224893 247520 241709 217285 209481 229646 230481 260590 227821 236503 254523 219548 227179 206659 234832 247038 239223 248573 206945 230777 236627 234073 253646 240449 255363 244328 234328 273092 258072 229822 259368 225236 224150 222805 247355 244633 233507 215224 243832 233988 224906 216993 269092 235494 218861 232251 255431 256931 272043 210046 257517 248676 249970 259091 234346 244765 248083 206791 250768 243821 242877 219806 253255 223641 258608 259366 248527 251307 226488 232592 245680 239391 250020 237219 223409 236684 243987 214759 250448 236911 253127 226494 223143 246293 210974 226521 234223 240883 242719 239615 245495 256502 252059 265374 231755 255160 248818 207693 249145 
222598 224064 253608 223204 203462 207498 227287 237318 234940 210379 241871 255405 210831 215922 201960 224121 248336 222610 246976 208946 225533 228940 201566 243876 235600 224473 217340 220821 251815 239200 216468 237734 207386 223179 221151 220983 256476 218721 199006 210630 233998 210148 223276 255865 216338 205560 229039 255568 255500 266108 232411 239534 221716 234643 268268 233068 246557 244202 213209 251704 232285 234737 227672 245269 221901 240683 255308 246834 247436 237493 227976 243115 246705 244103 241104 234310 216614 223663 239243 254000 221810 226908 215834 215955 255350 213856 224406 222271 218871 238998 234884 234011 252071 239198 240237 224851 237477 228670 206559 238343 
236021 215706 253074 251829 213344 230233 251116 248045 240967 213774 236006 250144 218584 219870 214586 225363 242149 220774 250866 199344 235834 226652 204286 258589 219786 239572 245328 230412 269835 263332 218280 261940 216686 213933 216060 230888 259430 228688 214332 221191 238582 218850 223236 267696 233337 214660 237886 255032 256858 271824 232660 245201 232517 246839 276006 243885 247116 242230 210149 253250 226474 239747 215210 242145 224211 245141 248583 238689 257281 243264 223546 247057 239164 254882 237180 223209 228115 229773 229929 244230 237097 236290 208630 220898 240277 207892 235325 230319 231522 235136 256819 245664 260351 243161 253861 232400 254828 240779 193917 251827 
233097 243056 260530 275990 248589 247191 248549 262962 267362 220508 257603 265735 231502 227648 216028 260496 246587 238785 255159 224511 255157 238473 243021 257629 252537 250540 240701 249769 274910 264076 238305 289023 240056 213908 245860 236698 281175 255909 250980 241918 240774 233298 224329 283150 242446 242661 244206 277148 268108 291941 243204 259489 260432 239689 289655 251638 260787 273472 234612 262989 235227 252965 227656 263404 248123 261560 271511 263397 259403 264791 264352 265181 259135 252401 248655 234566 251043 246199 241167 256734 253139 244443 235982 240396 259990 220584 243210 251575 262429 240663 269439 249689 262114 260504 275245 254496 260314 234687 220305 261494 
252076 243273 275608 265922 234882 233091 229338 266683 254997 236918 262337 254339 243186 234861 223878 258478 277857 263641 264802 231762 256622 263884 220027 272934 249595 254743 244083 245364 258393 272487 252775 275723 242593 229176 230605 241882 277175 236887 225603 255070 242306 250612 237132 273410 248397 231404 248627 246671 255312 303787 231910 251841 259757 238486 269417 249229 256962 272037 225528 265017 232071 261602 240151 251330 257806 283769 268242 270211 280611 264592 255446 253250 264961 269099 262116 234691 242016 243446 245971 271019 248068 249056 239430 211907 272372 232550 230580 244376 264243 252142 255619 239247 273110 262768 271025 255127 252316 236278 210426 257739 
240561 245992 252484 257105 240210 225933 244312 269587 268538 242866 253123 275015 231339 237467 225416 270292 271219 258721 259540 211919 255448 236743 225440 266889 235869 243950 228132 253635 265571 276360 246796 266016 227955 220486 228261 240833 272555 233372 227743 242766 226315 248363 244561 269500 250505 240452 251585 266289 249220 276804 226629 273051 248915 233422 277789 241446 263752 270665 232146 272835 220758 258084 240716 248402 262045 264843 267815 272117 281223 261638 246561 252515 268231 265604 251055 233621 256721 241416 251609 261551 253129 245839 242979 222735 265391 242690 236890 253069 239793 252482 260030 249161 254352 255845 261738 262193 248965 249719 184322 257997 
230130 208335 232626 260752 216319 222689 227956 238253 234250 207331 220711 222805 197297 207438 209432 225182 245064 213994 247935 197141 222631 221737 207207 254101 216065 229600 234200 223410 244339 238899 210781 258872 206693 206796 214380 213359 257477 210281 205623 203314 231005 212699 203993 263726 206911 215224 227520 243797 235315 270467 216863 227011 225235 238489 256856 239590 222074 247271 213983 241947 218130 223912 208785 247285 231066 259214 229437 227462 253403 240345 235522 236979 224689 227331 244760 215777 225149 220919 228283 241164 232578 230409 205369 199024 249205 203365 209378 223883 244159 220011 234198 234613 244012 233237 241786 222757 229475 220278 193086 238769 
233057 241207 251780 251873 215074 235790 242925 263426 261745 226374 258451 236628 234345 221614 216064 253375 256902 233216 257867 206420 229137 238210 232015 254738 237634 254418 248510 234526 251291 256803 241667 266903 222486 211553 221558 233934 268731 223274 236771 236461 232743 212789 224250 269977 240135 227031 235754 265420 263455 259184 244929 246625 240628 238149 266735 249877 253977 259214 222297 241683 219667 243105 227850 249501 245370 257365 251074 242393 256244 241578 240559 264977 255331 251024 245692 225120 239405 235579 250426 260051 243143 224688 217355 225057 253451 213984 241527 229467 238035 230487 248495 253810 249434 238771 262732 233456 244694 229853 213659 261701 
239947 242228 269057 265051 228403 234553 243300 262431 256883 239611 245321 269224 212884 251392 219246 283701 254808 264409 272480 213843 226391 246881 237174 273826 233069 239945 256985 241783 271680 281847 244164 266106 250418 228377 224640 240529 278939 247483 224615 244531 229604 238552 224837 301338 245827 235431 239060 259447 256017 291072 231089 254582 261632 261079 279886 247043 256224 279128 222149 262563 237625 256746 234378 269114 251073 270908 258922 274828 271966 259069 236341 244955 260373 270856 258015 230995 234790 244878 247169 236519 262804 252477 230670 228937 270845 223053 230676 248845 249640 239577 264911 249598 266355 270194 273285 252564 256924 229480 204762 260223 
230731 240308 259243 265951 223211 233047 235068 253543 259026 239785 243842 236225 226471 244240 220799 228578 254393 248218 267703 205004 240294 219127 232812 258047 247599 251534 231874 242546 250975 253716 244237 268176 234252 203928 212882 228364 265738 235733 227869 242214 223101 242860 219271 283463 250699 224139 257000 259834 250205 292612 231349 238213 243780 252948 266561 249294 252757 267506 219560 248592 217027 220561 234008 244203 258320 268784 259267 255543 264778 253014 238448 226646 257641 251823 248735 215972 243749 233442 215111 263416 247597 234547 230208 224863 267587 206271 235318 241607 247119 237398 240995 232951 253475 244007 260422 251942 243044 240684 181533 253348 
257464 264085 259760 267192 238639 257223 245578 283770 270827 230213 263173 271463 251542 247347 236741 271210 287222 265468 278661 226903 250569 267237 251579 275521 268465 263531 248887 243137 273922 273210 265503 267382 240844 243017 250542 248571 286884 233544 250560 248073 281544 253093 238975 310310 258712 246037 257275 288198 269398 301002 239876 270657 275643 233640 287421 262332 270215 281721 230632 290279 239808 270142 253963 271259 272252 298882 281813 269621 288820 260669 266152 275387 284338 273727 272322 260225 252671 249756 272502 290848 263607 251891 244660 235533 267134 235501 266961 264917 271594 247447 259878 269184 270684 264189 277622 258193 276571 255568 213072 271909 
209372 215169 239118 225523 210623 223383 211721 235123 243341 222693 225072 229573 216488 209582 209746 222003 227088 211328 244365 204607 229181 218470 211397 246534 231030 235703 209621 221609 233646 229502 220756 240944 211683 196335 204494 218908 244450 218292 212856 208201 234014 211667 197490 258148 230312 221287 226913 231550 228116 240582 224226 218573 227178 214601 250415 225122 229175 236290 203825 232791 215848 213461 226377 232635 236238 253196 242276 223676 242510 230664 229037 229874 227473 239065 234191 218758 227685 219712 232917 243088 220655 220824 220338 214892 235404 200865 208329 213210 242261 230236 222922 236474 234741 229938 245434 228115 226454 218162 204425 243581 
231709 242623 255602 259367 223264 240877 224907 280089 289232 253322 249321 252591 224877 232000 239372 241717 259728 230071 275735 233390 258341 231774 234179 272169 234710 259175 239759 254309 269330 286229 248910 259886 238054 239715 228542 238971 266031 236721 208292 251617 259965 245110 230026 284743 252316 236509 259319 276301 254018 255747 240944 252407 261779 255292 273335 258180 267912 269711 222710 267225 237641 254116 231841 262066 247466 280421 268433 258888 290486 243251 236112 234047 260298 271526 281462 258678 254441 250431 237799 275375 263284 245937 238596 222522 264792 223419 235158 239874 265546 251501 251366 270582 256787 252737 265096 238493 245348 241272 202667 269816 
217687 232357 226996 211694 206554 211749 216244 236870 219848 195654 230021 242784 212087 199590 186239 229571 221972 220140 231028 201083 205511 225670 214643 234331 217165 219908 236976 219994 259488 236940 229072 234744 193891 207612 207722 221774 235591 202997 190096 226440 224949 208427 212807 244677 227087 208632 215717 247609 231970 245853 215200 211821 224830 215040 244551 215866 244763 242132 198448 241578 217527 227954 210100 221022 227864 225151 235896 254516 231411 226589 201448 216455 230414 230966 230977 208796 207636 234066 224175 242246 231878 211681 223517 214164 233260 187391 223155 239326 224139 219151 241504 229628 231519 228300 247947 221415 239192 235829 185384 246520 
237894 252797 274680 267393 236164 244452 242132 258391 263717 229059 242052 270866 248190 239442 235958 275386 256896 264037 268537 247426 256202 247212 229556 273065 247881 262442 247932 248689 273644 268592 250795 263552 234190 231873 244140 254194 269011 246538 235720 247656 256285 253470 234987 291581 253461 242155 246646 271978 271631 297972 238481 252576 263234 253460 275126 257440 270423 275682 225693 286026 246028 264233 240139 264274 257792 274925 268898 280993 268240 273137 249207 253994 266866 268281 267910 241183 244028 247384 268337 276920 247765 249508 243648 240373 267482 232693 243174 263817 264007 241953 266100 271416 260613 261053 266227 253771 268181 263410 217528 267682 
214077 210356 247076 230938 194344 220698 209258 237203 234358 198762 215467 226230 209373 210479 202795 228933 226060 213157 244636 201405 214049 235087 216800 251910 219933 218954 211766 206970 243242 242747 218037 232055 218429 195421 201682 218242 242645 209019 200435 219106 243911 201904 199255 255517 215374 225877 203182 230893 239706 248192 207146 214797 235508 213090 249195 213376 236615 235017 197963 232244 224155 230115 216755 227731 228827 240066 235006 242855 228707 218427 218060 227168 226637 227750 223565 213450 200248 210230 229014 242196 218384 213929 208155 201469 227034 205529 216426 213284 214085 198034 218429 227485 245017 228076 240017 203943 246594 226461 200627 231032 
Execution Time : 30.0932 ms
