Result Matrix : 
16287 23276 21421 21605 16522 24321 19987 26289 24726 24302 
23912 24368 21007 30166 26745 26690 21640 31694 25658 23602 
27915 30497 27952 31199 31986 36624 29340 36613 35952 30378 
13538 18938 13316 18976 21640 21661 17246 19685 19850 18765 
18298 32273 22377 22124 23621 26843 24383 23171 29886 21841 
23334 23294 21133 30982 24263 25663 21307 32260 25430 25074 
21449 18283 17417 29886 26037 23358 14050 32353 28122 26278 
25207 30794 22639 36974 34421 32207 24468 36040 33542 30916 
10689 15874 11341 19172 15642 14839 11197 20506 16613 20176 
13366 21658 13678 17385 17625 20186 20376 16674 16056 15501 
Execution Time : 0.028919 ms
